260 59580.154787
185625 59825.271275
192925 59839.227316
195559 59842.210044
202470 59854.220194
204417 59857.199225
211980 59867.171289
214345 59870.163338
216778 59873.155517
225487 59884.140458
227745 59887.106372
229233 59896.095199
231442 59899.096706
233541 59902.055806
242015 59913.255902
243750 59916.0657
249474 59924.070192
250894 59927.071652
252961 59930.073197
254944 59933.074524
260464 59942.092517
262557 59945.088241
427550 60192.304253
429162 60195.245592
439150 60209.239392
441825 60212.225993
447556 60223.206083
449266 60226.283348
455367 60238.283919
457531 60241.145501
470428 60267.055579
472774 60270.119465
478581 60278.063725
480713 60281.066502
482843 60284.066967
484596 60287.068938
490030 60297.128179
490608 60300.075322
664587 60567.234411
671688 60578.285857
674134 60581.189152
684498 60593.179472
686499 60596.193244
693900 60605.149276
696276 60608.142034
698651 60611.134004
704775 60621.137598
706952 60624.093405
709677 60627.291393
712911 60632.051295
715146 60635.058159
716613 60640.061676
724673 60651.148758
726644 60654.070981
732200 60662.156365
734127 60665.074983
736174 60668.075933
917302 60919.351642
920454 60933.286157
933004 60947.213704
934725 60950.205972
941697 60959.252389
943937 60962.144108
946405 60965.137109
952797 60975.130898
955147 60978.132629
956859 60981.134124
959429 60992.094787
969048 61006.070649
970431 61009.064025
975347 61016.117795
976732 61019.116693
978789 61022.133021
988558 61036.091752
990656 61039.092192
994150 61044.079638
995565 61047.078635
996952 61050.078976
997672 61054.078847
1170860 61302.209045
1173534 61305.236673
1176542 61308.384174
1181586 61314.275644
1183959 61317.172128
1194541 61330.177361
1196912 61333.17419
1198571 61336.208756
1203220 61344.133525
1204034 61348.13557
1208209 61359.095839
1210341 61362.097832
1212518 61365.125393
1215970 61370.060546
1218145 61373.062708
1220288 61376.064817
1228649 61389.072094
1230369 61392.073853
1235306 61406.150725
1412305 61656.256331
1414046 61672.394193
1422672 61685.236843
1425088 61688.186052
1427633 61691.317113
1433154 61698.171896
1434703 61701.150082
1436087 61704.177048
1446178 61725.105382
1448378 61728.103211
1450533 61731.104999
1458839 61744.066679
1460900 61747.068187
1466558 61755.136198
1468627 61758.124699
1470526 61762.213518
1632315 62014.312136
1636986 62026.30406
1639326 62029.222572
