158370  59790.244348
158371  59790.244795
158390  59790.255208
158391  59790.255654
158405  59790.262431
158416  59790.267417
158482  59790.301205
158515  59790.316495
161891  59797.386894
161931  59797.406603
176122  59812.196687
176123  59812.197133
176162  59812.218646
176163  59812.219094
192707  59839.122644
192711  59839.124434
192712  59839.124881
192713  59839.12533
192749  59839.141852
192754  59839.144105
194371  59841.070412
253586  59931.069565
253587  59931.070012
253589  59931.070907
253590  59931.071354
254299  59932.08032
378178  60120.337611
378179  60120.338058
378180  60120.338505
378199  60120.347033
378200  60120.34748
378216  60120.35553
378217  60120.355977
378230  60120.36186
378232  60120.362769
396039  60141.269383
396118  60141.3067
396124  60141.30938
396153  60141.322987
396207  60141.347598
396208  60141.348045
399143  60144.291584
399144  60144.292031
399173  60144.306223
399188  60144.313029
413625  60165.211828
413626  60165.212275
413627  60165.212721
413630  60165.214064
413661  60165.228106
413662  60165.228555
413665  60165.229896
418702  60177.1706
418742  60177.189265
418762  60177.198295
418764  60177.199189
418765  60177.199638
418808  60177.219706
418813  60177.221942
418814  60177.222393
429892  60196.160694
445681  60221.131381
445682  60221.13183
445683  60221.132285
609512  60493.315688
609513  60493.316135
609514  60493.316582
609515  60493.317029
609529  60493.323539
609543  60493.32998
609544  60493.330429
609548  60493.332217
609559  60493.337463
609560  60493.337916
609562  60493.33881
609588  60493.350527
609589  60493.350974
636663  60529.25803
636703  60529.276408
653364  60548.193559
653371  60548.196687
661336  60559.150298
661337  60559.150744
661340  60559.152085
661367  60559.164738
661368  60559.165184
661369  60559.165633
661383  60559.172088
661384  60559.172537
661386  60559.173433
661419  60559.189118
661420  60559.189567
661421  60559.190022
661428  60559.193254
661429  60559.193709
661479  60559.218156
661480  60559.218608
671385  60578.138505
671386  60578.138955
671387  60578.139404
671415  60578.152531
671416  60578.152981
671417  60578.153429
671469  60578.177903
695248  60607.030567
695249  60607.031013
695250  60607.031466
695251  60607.031912
695288  60607.049389
695289  60607.04984
695290  60607.050294
883123  60876.333149
883124  60876.333598
883125  60876.334048
883133  60876.337662
883134  60876.338111
883135  60876.33856
883154  60876.347231
883155  60876.347677
883157  60876.348574
883165  60876.352194
883166  60876.352643
883167  60876.353092
883168  60876.353539
883192  60876.364636
883229  60876.38192
887106  60880.260548
887107  60880.260995
887121  60880.267527
887122  60880.267974
887137  60880.275232
887138  60880.275678
887143  60880.278014
887144  60880.27846
908650  60904.223596
908651  60904.224045
908705  60904.248989
908706  60904.249438
921008  60934.115255
921043  60934.132002
921054  60934.136961
921055  60934.137407
921057  60934.138301
921059  60934.13923
921085  60934.151138
921086  60934.151588
921088  60934.152485
927390  60941.09389
927391  60941.094337
927427  60941.112952
927428  60941.113401
942104  60960.060435
942105  60960.060881
942107  60960.061777
942149  60960.081948
942152  60960.083301
942175  60960.09362
942208  60960.108642
1124877  61235.359739
1124912  61235.375874
1127866  61239.297467
1127868  61239.298363
1127904  61239.31564
1127940  61239.332216
1127941  61239.332666
1127977  61239.35083
1127981  61239.352954
1127982  61239.3534
1147961  61262.219864
1147962  61262.220311
1147963  61262.22076
1147966  61262.222101
1147967  61262.222548
1147991  61262.233389
1147992  61262.233835
1147993  61262.234285
1147995  61262.235178
1147996  61262.235624
1181204  61314.089445
1181205  61314.089891
1181206  61314.090338
1181207  61314.090785
1181209  61314.091682
1181226  61314.099396
1181227  61314.099843
1181251  61314.110959
1181252  61314.111407
1181253  61314.111857
1181254  61314.112308
1183745  61317.070491
1202250  61342.037835
1202251  61342.038287
1202252  61342.038736
1202253  61342.039187
1202290  61342.056583
1202291  61342.057035
1202292  61342.057484
1202294  61342.058399
1206347  61356.061003
1206383  61356.078514
1227939  61388.056754
1227941  61388.057649
1350663  61558.406065
1350664  61558.406512
1350669  61558.408746
1350670  61558.409193
1350694  61558.420171
1350698  61558.421997
1350699  61558.422446
1350701  61558.423341
1353326  61561.417865
1353331  61561.420112
1353332  61561.420558
1372179  61588.34119
1372215  61588.358011
1373176  61589.326498
1373177  61589.326946
1373178  61589.327394
1373180  61589.32831
1373227  61589.352269
1373228  61589.35272
1373229  61589.353169
1373230  61589.353618
1375190  61591.318232
1375237  61591.342738
1375238  61591.343194
1394761  61622.21412
1394779  61622.222435
1394781  61622.223329
1394782  61622.223776
1394784  61622.224671
1394811  61622.237321
1394812  61622.237769
1394820  61622.241394
1394821  61622.24184
1394861  61622.260254
1394862  61622.260702
1413441  61672.103766
1413450  61672.10783
1413452  61672.108724
1413453  61672.10917
1413456  61672.110517
1413457  61672.110963
1413472  61672.118204
1413476  61672.120068
1413478  61672.120966
1413479  61672.121413
1413485  61672.124402
1413486  61672.12485
1449078  61729.094278
1449081  61729.095632
1449117  61729.112741
1449118  61729.11319
1449119  61729.113637
1449837  61730.107794
1449839  61730.108702
1449883  61730.130713
1469200  61759.063225
1469201  61759.063672
1469210  61759.067693
1592394  61954.416799
1604671  61974.339714
1604672  61974.340163
1604673  61974.34061
1604677  61974.342491
1604719  61974.364051
1604720  61974.364498
1604721  61974.364946
1604725  61974.366785
1606545  61976.271692
1606546  61976.272146
1606547  61976.272592
1606603  61976.30228
1606604  61976.302731
1606605  61976.303185
1623555  61997.212601
1623556  61997.213048
1623557  61997.213494
1623561  61997.215282
1623562  61997.215731
1623563  61997.216178
1623568  61997.218415
1623586  61997.226554
1623592  61997.229254
1623593  61997.2297
1623594  61997.230153
1623595  61997.230601
1623601  61997.233296
1637519  62027.116384
1637520  62027.116831
1637562  62027.136552
1637563  62027.137001
1642750  62033.107721
1642798  62033.13096
1642799  62033.131408
1645349  62036.114117
1645350  62036.114571
1645391  62036.133543
1645392  62036.133996
1665501  62061.220685
1665502  62061.221135
1665547  62061.243413
1665548  62061.243862
1683838  62092.12393
1683842  62092.125715
1683843  62092.126161
1683863  62092.135182
1683864  62092.135628
1683865  62092.136076
1683866  62092.136522
1683870  62092.138361
1683899  62092.151608
1858469  62326.361482
1858470  62326.361932
1858471  62326.362381
1858475  62326.364201
1858476  62326.364656
1858501  62326.376555
1858502  62326.377004
1858503  62326.377451
1858507  62326.37926
1858534  62326.392105
1858535  62326.392554
1858577  62326.412569
1859382  62327.296842
1859383  62327.29729
1859423  62327.316601
1859424  62327.317048
1860642  62328.402715
1860643  62328.403163
1860644  62328.403611
1860674  62328.421416
1860675  62328.421863
1860676  62328.422312
1878459  62353.275898
1878460  62353.276347
1878461  62353.276797
1878462  62353.27725
1878467  62353.27982
1878494  62353.292223
1878495  62353.292673
1878496  62353.293121
1878497  62353.293578
1878498  62353.294033
1881364  62356.217848
1881405  62356.237242
1904775  62387.163687
1904810  62387.180801
1904811  62387.181252
1904812  62387.181702
1904813  62387.182154
1904856  62387.203507
1904857  62387.203964
1919675  62410.080171
1919676  62410.080617
1919677  62410.081064
1919680  62410.082404
1919681  62410.082853
1919682  62410.0833
1919716  62410.099516
1919717  62410.099963
1919718  62410.100413
1919719  62410.100859
1919720  62410.101307
1919721  62410.101754
1921525  62412.152315
1921573  62412.176799
1922825  62414.107549
1922860  62414.125869
1922873  62414.132948
2102215  62678.363497
2102216  62678.363943
2102217  62678.364391
2102218  62678.364837
2102226  62678.368437
2102227  62678.368886
2102254  62678.381934
2102255  62678.382383
2102256  62678.382833
2102258  62678.383732
2102261  62678.385146
2102308  62678.407329
2102309  62678.407778
2102331  62678.417884
2102336  62678.420216
2102337  62678.420662
2102339  62678.421569
2106402  62682.330798
2106432  62682.344675
2106439  62682.348049
2106486  62682.37031
2108377  62686.302325
2108415  62686.320667
2108429  62686.327571
2108463  62686.347207
2136447  62736.164913
2136463  62736.17213
2136464  62736.172577
2136482  62736.180869
2136497  62736.187881
2136498  62736.18833
2136510  62736.193888
2136512  62736.194812
2136555  62736.21485
2136557  62736.215748
2144029  62744.185668
2144030  62744.186115
2144067  62744.204047
2144068  62744.204499
2165937  62772.08828
2165942  62772.090515
2165943  62772.090965
2165944  62772.091413
2165945  62772.09186
2165975  62772.105824
2165979  62772.107614
2165980  62772.108062
2165981  62772.108511
2165983  62772.109405
2188234  62803.050775
2188235  62803.051258
2188236  62803.051708
2188264  62803.065123
2188265  62803.065597
2188266  62803.066047
2213814  62854.070127
2213815  62854.070574
2319881  63018.410462
2319882  63018.410909
2331027  63044.327689
2331030  63044.329031
2331031  63044.329477
2331032  63044.329924
2331034  63044.330819
2331050  63044.338104
2331067  63044.345778
2331068  63044.346227
2331069  63044.346675
2331096  63044.359148
2331097  63044.359594
2331127  63044.373637
2331130  63044.375042
2349579  63072.299506
2349580  63072.299956
2349581  63072.300405
2349582  63072.300855
2349584  63072.301757
2363693  63094.222068
2363695  63094.222965
2363696  63094.223411
2363736  63094.242356
2363737  63094.242805
2363738  63094.24326
2363741  63094.244613
2363742  63094.245063
2363743  63094.245513
2363776  63094.260487
2363777  63094.260936
2363778  63094.261385
2363779  63094.261834
2376697  63117.131085
2376698  63117.131532
2376699  63117.131978
2376705  63117.134691
2376739  63117.150349
2376740  63117.150798
2376744  63117.152588
2376747  63117.154052
2376795  63117.176277
2402242  63155.047493
2402243  63155.047939
2402279  63155.064455
2402280  63155.064903
2432229  63204.069204
2432230  63204.069652
2432237  63204.07279
2432279  63204.093471
2432280  63204.093918
2432283  63204.095304
2432284  63204.095751
155949  59787.398581
156670  59788.295564
158372  59790.245242
158392  59790.2561
158403  59790.261536
158404  59790.261985
158434  59790.275617
158466  59790.293945
158514  59790.316046
174192  59810.178174
174227  59810.195486
192708  59839.123091
192710  59839.123988
192714  59839.125775
192752  59839.143206
192753  59839.143655
378177  60120.337164
378181  60120.338952
378198  60120.34657
378201  60120.347926
378218  60120.356424
378242  60120.36748
378273  60120.381356
396147  60141.320125
396154  60141.323436
396155  60141.323885
396190  60141.339953
399072  60144.25751
399073  60144.257959
399074  60144.258408
399097  60144.270752
413628  60165.213168
413629  60165.213616
413632  60165.21496
413663  60165.229001
413664  60165.229451
418703  60177.171047
418743  60177.189711
419448  60178.191228
419479  60178.205439
445684  60221.132766
609517  60493.317923
609528  60493.323093
609545  60493.330875
609547  60493.331771
609558  60493.337015
609591  60493.351874
609628  60493.368765
653262  60548.145891
653307  60548.166847
653308  60548.167297
653362  60548.192663
653363  60548.193112
661339  60559.151639
661377  60559.169382
661378  60559.169832
661380  60559.170734
661382  60559.171638
661423  60559.190927
671388  60578.139854
671389  60578.140303
671418  60578.153878
671419  60578.154325
698517  60611.066532
883080  60876.313149
883081  60876.313599
883113  60876.328484
883114  60876.328933
883115  60876.329382
883121  60876.332251
883122  60876.3327
883126  60876.334497
883156  60876.348126
883158  60876.349041
887105  60880.260102
887136  60880.274785
887140  60880.276574
887145  60880.278907
888092  60881.245748
888130  60881.263612
908707  60904.249888
921007  60934.114808
921044  60934.13245
921053  60934.136512
921058  60934.138749
921083  60934.150239
921084  60934.150689
927389  60941.093443
927392  60941.094783
927393  60941.095237
927426  60941.112506
927429  60941.113849
927430  60941.114302
942106  60960.061331
947879  60968.033108
947918  60968.053317
1127865  61239.297018
1127877  61239.302548
1127910  61239.318477
1127942  61239.333123
1127983  61239.353861
1147908  61262.195822
1147938  61262.209449
1147939  61262.2099
1147964  61262.221207
1147998  61262.236522
1153910  61269.175932
1153956  61269.1982
1153958  61269.199095
1181151  61314.064136
1181155  61314.065932
1181199  61314.087162
1181202  61314.08851
1181208  61314.091231
1181255  61314.112795
1202254  61342.039636
1202293  61342.057933
1202296  61342.059347
1350665  61558.406958
1350668  61558.408299
1350671  61558.409639
1350697  61558.421549
1350700  61558.422892
1350702  61558.423789
1353327  61561.418313
1353330  61561.419664
1373179  61589.327839
1375132  61591.287545
1394760  61622.213673
1394762  61622.214567
1394783  61622.224223
1394785  61622.225118
1394793  61622.228972
1394822  61622.242286
1394863  61622.261153
1404264  61643.176744
1404265  61643.177194
1404266  61643.177639
1404314  61643.200901
1404315  61643.20135
1404316  61643.201803
1413448  61672.106936
1413449  61672.107384
1413454  61672.109616
1413455  61672.110069
1413458  61672.11142
1413477  61672.120517
1413480  61672.121893
1413481  61672.122342
1413487  61672.1253
1413488  61672.125755
1434510  61701.055277
1449082  61729.096081
1449838  61730.108253
1449840  61730.109147
1449882  61730.130266
1469199  61759.062777
1592386  61954.413213
1592387  61954.413661
1592388  61954.414108
1604551  61974.279906
1604552  61974.280355
1604588  61974.297944
1604589  61974.298393
1604592  61974.299776
1604674  61974.341071
1604718  61974.363589
1606606  61976.303677
1623558  61997.21394
1623560  61997.214836
1623564  61997.216624
1623587  61997.227002
1623588  61997.227451
1623590  61997.228355
1623591  61997.228804
1637517  62027.115489
1637518  62027.115938
1637564  62027.137447
1642737  62033.101525
1642771  62033.117942
1645281  62036.077568
1645348  62036.11367
1645393  62036.134449
1665499  62061.219791
1665500  62061.220239
1683839  62092.124376
1683840  62092.124823
1683841  62092.125269
1683862  62092.134735
1683868  62092.137467
1683869  62092.137914
1683898  62092.15116
1844326  62307.420827
1844327  62307.421275
1844328  62307.421722
1844329  62307.422171
1855262  62323.349929
1855281  62323.35924
1855322  62323.378382
1855323  62323.378831
1858472  62326.36283
1858504  62326.3779
1858506  62326.378811
1859384  62327.297736
1859425  62327.317496
1863549  62331.306168
1863550  62331.306617
1863592  62331.327937
1863593  62331.328386
1878378  62353.237987
1878463  62353.277699
1878464  62353.278148
1878509  62353.299237
1878510  62353.299686
1881357  62356.214655
1881358  62356.215101
1881399  62356.234456
1881404  62356.236731
1904814  62387.182603
1904815  62387.183052
1904858  62387.204413
1904859  62387.204862
1919610  62410.049964
1919611  62410.050412
1919650  62410.068504
1919678  62410.081509
1919679  62410.081958
1919722  62410.102203
1919723  62410.102654
1921526  62412.152764
1921574  62412.17725
1922863  62414.127519
2102213  62678.362599
2102214  62678.363048
2102219  62678.365286
2102220  62678.365735
2102252  62678.381034
2102253  62678.381484
2102262  62678.385595
2102264  62678.3865
2102265  62678.386949
2102306  62678.406427
2102307  62678.40688
2102333  62678.418781
2106438  62682.347573
2108376  62686.301877
2108416  62686.321117
2108464  62686.347657
2110391  62688.287541
2110427  62688.304941
2136446  62736.164466
2136448  62736.165361
2136466  62736.173481
2136481  62736.18042
2136511  62736.194334
2136558  62736.2162
2144028  62744.185219
2144031  62744.186595
2144069  62744.204948
2144070  62744.205398
2165946  62772.092306
2165947  62772.092758
2165984  62772.109872
2188232  62803.049877
2188233  62803.050326
2188261  62803.063779
2188262  62803.064228
2188263  62803.064675
2315313  63013.393951
2315355  63013.413421
2319880  63018.410016
2331028  63044.328137
2331029  63044.328585
2331051  63044.33855
2331053  63044.339446
2331054  63044.339891
2331070  63044.34712
2331094  63044.358223
2331101  63044.3615
2349583  63072.301304
2363740  63094.244164
2363780  63094.262283
2363783  63094.263629
2363828  63094.285139
2363830  63094.286034
2376700  63117.132425
2376701  63117.132873
2376704  63117.134245
2376741  63117.151244
2376743  63117.152141
2376745  63117.153047
2402244  63155.048388
2402278  63155.064006
2432231  63204.070099
2432236  63204.072334
2432281  63204.094365
