179145  59818.341339
179146  59818.341789
179152  59818.344491
179155  59818.345835
179156  59818.346294
179858  59819.226056
179879  59819.235793
179880  59819.236242
179881  59819.23669
179882  59819.237148
179884  59819.238046
218193  59875.062481
218195  59875.06338
218196  59875.06383
218244  59875.08547
218453  59875.184111
221298  59879.041465
236558  59906.083229
236565  59906.086956
236627  59906.119415
236628  59906.119861
376641  60118.360905
376646  60118.363153
376648  60118.364046
376649  60118.364492
395055  60140.285226
395100  60140.30599
395101  60140.30644
395102  60140.306886
395103  60140.307335
395105  60140.308259
417742  60176.190982
417774  60176.205487
417775  60176.205935
417778  60176.207277
417779  60176.207726
431030  60198.175256
431031  60198.175706
431032  60198.176155
431033  60198.176607
431034  60198.177092
436218  60206.134434
436219  60206.134881
436220  60206.135399
450443  60228.051934
450453  60228.056424
450454  60228.056873
615529  60499.329376
615530  60499.329823
615531  60499.330272
615532  60499.330718
617565  60501.305056
617566  60501.305503
617569  60501.306844
617590  60501.317482
617591  60501.317928
617603  60501.323919
617604  60501.324365
659994  60557.152543
659995  60557.15299
660011  60557.160179
660012  60557.160627
660019  60557.163771
660020  60557.164218
660023  60557.165559
660025  60557.166455
660026  60557.166901
660060  60557.182407
660665  60558.141859
661327  60559.14457
699386  60612.099768
699387  60612.100224
699388  60612.100685
865958  60849.351183
865959  60849.35163
865964  60849.353866
865993  60849.367316
865994  60849.367762
867059  60850.359267
867064  60850.361516
867067  60850.362917
868672  60856.339585
885135  60878.301816
913230  60909.1866
913232  60909.187496
913233  60909.187943
913238  60909.190179
913239  60909.190626
913242  60909.191972
913243  60909.192419
914492  60911.211739
914493  60911.212189
914499  60911.214871
914500  60911.21532
914501  60911.21577
914502  60911.216219
914507  60911.21869
947159  60966.092983
947160  60966.093432
947161  60966.09388
947174  60966.099799
947175  60966.100246
947176  60966.100695
947177  60966.101147
947178  60966.101597
947179  60966.102046
947180  60966.102494
950270  60972.056353
951060  60973.043142
951081  60973.055985
951082  60973.05647
963941  60998.09103
1122670  61233.311515
1122671  61233.311961
1122674  61233.313305
1122677  61233.314644
1122683  61233.317416
1150949  61266.201764
1150963  61266.208429
1150964  61266.208876
1153165  61268.294643
1153166  61268.295091
1168007  61297.151448
1168011  61297.153238
1186282  61320.064013
1186284  61320.064908
1186288  61320.066695
1186305  61320.074382
1186307  61320.075276
1186308  61320.075722
1186311  61320.077071
1186312  61320.077517
1186368  61320.102672
1187168  61321.065964
1188063  61322.080017
1188064  61322.080464
1221709  61379.068729
1221710  61379.069177
1221712  61379.070071
1221714  61379.070968
1352246  61560.396572
1352267  61560.406067
1352281  61560.412401
1375996  61593.343098
1375997  61593.343547
1375998  61593.343996
1375999  61593.344445
1376006  61593.347575
1376166  61593.421577
1376167  61593.422024
1390837  61617.291265
1390845  61617.294879
1390846  61617.295332
1391767  61618.240069
1391803  61618.256528
1404675  61648.174774
1404676  61648.17522
1404677  61648.17567
1404679  61648.176565
1404680  61648.177011
1404681  61648.177458
1436826  61705.143044
1436827  61705.143493
1436872  61705.163743
1437590  61706.118081
1437591  61706.118528
1437592  61706.118977
1437617  61706.130447
1437619  61706.131351
1437620  61706.131809
1453387  61736.098838
1453388  61736.099284
1453395  61736.102469
1453396  61736.102915
1453398  61736.103809
1606823  61976.421816
1606824  61976.422265
1606828  61976.424055
1640929  62031.115142
1640930  62031.115589
1640935  62031.117824
1640936  62031.118273
1640937  62031.118719
1640950  62031.12455
1640951  62031.124998
1640954  62031.126345
1640955  62031.126792
1640958  62031.128133
1640960  62031.129028
1641022  62031.157509
1641023  62031.157961
1641024  62031.158411
1641846  62032.107505
1641857  62032.112442
1641858  62032.112889
1641859  62032.113337
1641885  62032.125015
1641886  62032.125461
1642121  62032.230473
1664126  62059.194087
1664127  62059.194536
1664128  62059.194986
1664129  62059.195436
1664152  62059.205766
1664153  62059.206215
1664179  62059.21828
1664180  62059.218725
1664181  62059.219174
1682272  62090.078463
1682273  62090.078911
1682274  62090.07936
1682276  62090.080258
1683715  62092.062041
1857290  62325.305882
1857299  62325.309924
1857300  62325.310373
1857322  62325.320434
1857323  62325.320883
1857324  62325.321329
1857326  62325.322224
1857327  62325.322673
1857329  62325.323567
1857339  62325.328119
1858403  62326.329174
1880474  62355.276685
1880475  62355.277135
1880476  62355.277584
1880522  62355.298637
1880528  62355.30134
1880529  62355.301789
1880530  62355.302235
1880531  62355.302695
1882424  62357.239097
1882426  62357.239994
1882427  62357.24044
1902867  62385.165539
1902868  62385.165985
1902872  62385.167773
1902873  62385.16822
1902875  62385.16912
1902883  62385.172717
1902884  62385.173166
1902886  62385.174064
1923596  62415.087857
1923601  62415.090092
1923602  62415.090541
1923603  62415.090989
1923643  62415.109174
1924404  62416.050931
1924428  62416.063149
1924429  62416.063598
1924468  62416.08372
1925267  62417.060384
2105362  62681.334928
2105363  62681.335375
2105364  62681.335823
2105368  62681.337608
2105369  62681.338056
2105370  62681.338503
2105431  62681.366194
2105432  62681.366643
2105457  62681.377829
2105458  62681.378278
2105459  62681.378731
2120873  62711.249738
2120874  62711.250185
2120986  62711.30064
2120987  62711.30109
2141166  62741.187719
2141172  62741.190402
2141173  62741.190848
2141181  62741.194429
2141182  62741.194877
2141183  62741.195327
2141332  62741.263973
2141337  62741.266224
2164514  62770.127567
2164515  62770.128016
2164516  62770.128466
2164530  62770.134835
2164533  62770.136188
2164534  62770.136638
2164535  62770.137088
2184290  62798.072279
2184330  62798.094115
2184331  62798.094563
2185117  62799.085329
2185118  62799.085788
2201349  62831.090141
2342692  63065.296242
2342693  63065.296689
2342949  63065.411905
2342950  63065.412354
2342951  63065.412803
2342952  63065.413252
2342959  63065.416403
2342979  63065.425426
2342980  63065.42588
2347524  63070.297475
2347525  63070.297924
2347526  63070.298373
2347539  63070.304227
2347540  63070.304677
2362515  63092.274501
2362516  63092.27495
2362517  63092.275398
2362532  63092.282165
2362535  63092.283524
2383680  63126.157532
2400808  63153.151785
2400809  63153.152233
2400811  63153.153128
2400812  63153.153576
2400814  63153.154471
2401500  63154.079081
2401501  63154.079531
2401502  63154.07998
2420072  63186.100125
2420073  63186.100574
2420074  63186.101023
2420076  63186.101927
2420090  63186.108864
179147  59818.342235
179150  59818.343599
179151  59818.344046
179861  59819.227411
179863  59819.228316
179864  59819.228765
179865  59819.229213
218197  59875.064279
218211  59875.070583
218212  59875.071032
218213  59875.071481
218214  59875.071929
236557  59906.082774
237985  59908.083552
238698  59909.081099
376642  60118.361352
376644  60118.36225
376645  60118.362707
395054  60140.284779
395056  60140.285675
395104  60140.307783
417737  60176.188746
417741  60176.190535
417743  60176.191431
417744  60176.191877
417773  60176.20504
431025  60198.172997
431026  60198.173447
431027  60198.173896
450441  60228.051036
450444  60228.05238
450452  60228.055978
450503  60228.079487
617567  60501.305949
617568  60501.306398
617592  60501.318376
617593  60501.318826
633507  60524.252823
659991  60557.1512
659996  60557.153436
660010  60557.159733
660013  60557.161074
660018  60557.163324
660024  60557.166006
660027  60557.167377
660664  60558.14141
660690  60558.153832
676510  60584.058984
865955  60849.349841
865960  60849.352077
865963  60849.35342
865992  60849.366868
867060  60850.359715
867062  60850.36062
867063  60850.361069
867068  60850.363365
868671  60856.339128
913234  60909.188389
913237  60909.189732
913240  60909.191072
913241  60909.191526
914387  60911.164148
914388  60911.164598
914503  60911.216669
947158  60966.092534
947162  60966.094329
947163  60966.094776
947165  60966.095672
947172  60966.098892
947173  60966.099338
950266  60972.054507
950267  60972.054956
950268  60972.055406
950269  60972.055855
951061  60973.043597
1122672  61233.312409
1122673  61233.312858
1122678  61233.315092
1123673  61234.278626
1150926  61266.191452
1150950  61266.20221
1150951  61266.202659
1150959  61266.206634
1150960  61266.20708
1150961  61266.207529
1150962  61266.207983
1186279  61320.062671
1186281  61320.063566
1186285  61320.065354
1186287  61320.06625
1186303  61320.073488
1186304  61320.073936
1186309  61320.076169
1186310  61320.076623
1186369  61320.103127
1221711  61379.069625
1221715  61379.071414
1221719  61379.073213
1352245  61560.396126
1352268  61560.406542
1352269  61560.406989
1352280  61560.411955
1352282  61560.412847
1376164  61593.420679
1376165  61593.421128
1390847  61617.295781
1390848  61617.29623
1390857  61617.300278
1391768  61618.240515
1404678  61648.176116
1406744  61650.24858
1436871  61705.163295
1437593  61706.119424
1437594  61706.119873
1437597  61706.12122
1437621  61706.132259
1437622  61706.132708
1453386  61736.098392
1453397  61736.103362
1454043  61737.077592
1605695  61975.34472
1606825  61976.422714
1640926  62031.113799
1640931  62031.116035
1640933  62031.116932
1640934  62031.117378
1640938  62031.119166
1640949  62031.124104
1640952  62031.125445
1640953  62031.125898
1640959  62031.128579
1640961  62031.129476
1641842  62032.10571
1641843  62032.106156
1641844  62032.106604
1641845  62032.107058
1664151  62059.20532
1664178  62059.217832
1664704  62060.070299
1682275  62090.079809
1682278  62090.081163
1682279  62090.081613
1682280  62090.082062
1857272  62325.297813
1857289  62325.305436
1857291  62325.306332
1857293  62325.307226
1857295  62325.308134
1857301  62325.31082
1857302  62325.311269
1880481  62355.279837
1880482  62355.280286
1880483  62355.280735
1880521  62355.298189
1880523  62355.299086
1882428  62357.240899
1902865  62385.164642
1902866  62385.165091
1902887  62385.174515
1902895  62385.178123
1902896  62385.178577
1923604  62415.091444
1923605  62415.091894
1923606  62415.092343
1923641  62415.108272
1923642  62415.108722
1924389  62416.043645
1924419  62416.058062
1925250  62417.052052
1925266  62417.059935
2105355  62681.331797
2105361  62681.334482
2105365  62681.336269
2105367  62681.337162
2105371  62681.338949
2105430  62681.365742
2105460  62681.379186
2120870  62711.248389
2120871  62711.248837
2120877  62711.251528
2141333  62741.26442
2141334  62741.264867
2141336  62741.265762
2164517  62770.128915
2164518  62770.129365
2164531  62770.135284
2164532  62770.135739
2165313  62771.077737
2165329  62771.084931
2165381  62771.11106
2184289  62798.071816
2184332  62798.095027
2342953  63065.413701
2342956  63065.41505
2342958  63065.415954
2342981  63065.426332
2346000  63068.405493
2347538  63070.303778
2347541  63070.305143
2347552  63070.310132
2347553  63070.310581
2362518  63092.275847
2362519  63092.276293
2362521  63092.277189
2363625  63094.188911
2363654  63094.203202
2363655  63094.203651
2400813  63153.154025
2401497  63154.077725
2401499  63154.078627
2420052  63186.091095
2420069  63186.098744
