139215  59771.351877
139216  59771.352326
139217  59771.352776
139235  59771.36194
139236  59771.3624
139238  59771.363308
139239  59771.363758
139256  59771.371381
139258  59771.372278
139262  59771.374081
139282  59771.383295
139398  59771.440367
139399  59771.440816
139400  59771.441266
139410  59771.445769
139411  59771.446218
144673  59776.41773
157847  59789.424912
157852  59789.427146
157855  59789.428491
158748  59790.435521
158749  59790.435967
158751  59790.43686
163472  59799.217991
163473  59799.218446
163509  59799.235214
163510  59799.235668
185340  59825.138624
185352  59825.143991
185353  59825.144438
185354  59825.144884
185374  59825.154188
185385  59825.159159
185386  59825.159607
185387  59825.160056
185391  59825.161928
185426  59825.17777
185452  59825.189918
186222  59826.113002
186234  59826.118384
186422  59826.204873
187223  59827.136153
187276  59827.16081
187277  59827.161257
187278  59827.161706
187279  59827.162155
187307  59827.174888
187308  59827.175337
187309  59827.175787
187310  59827.176235
187314  59827.17817
203034  59855.079199
203035  59855.079645
203041  59855.082329
203060  59855.091049
203061  59855.091495
203075  59855.097922
209458  59863.147169
209459  59863.147616
209460  59863.148064
209489  59863.162615
209490  59863.163064
209491  59863.163513
209576  59863.20409
209579  59863.205437
209580  59863.205889
209581  59863.206338
209612  59863.221539
209613  59863.221986
209615  59863.222881
209616  59863.22333
209628  59863.228774
209655  59863.241779
218060  59875.001675
218090  59875.015183
222775  59880.999012
222801  59881.010708
222805  59881.012496
229807  59897.012343
229814  59897.015515
247988  59922.03755
247989  59922.038004
247990  59922.038457
248020  59922.052192
248026  59922.055615
248027  59922.056063
257617  59937.032019
257618  59937.032465
257666  59937.05427
365004  60084.434386
365005  60084.434833
365006  60084.43528
366028  60085.427255
366029  60085.427703
372896  60101.420668
372904  60101.424244
372905  60101.42469
372906  60101.42514
372907  60101.425588
372944  60101.44273
377839  60119.428344
377840  60119.42879
377841  60119.429238
377842  60119.429685
377844  60119.43058
377853  60119.434642
377872  60119.443519
377873  60119.443966
377874  60119.444414
377876  60119.445349
383297  60125.27105
401702  60147.436533
401703  60147.436982
401704  60147.437431
422369  60181.182905
422372  60181.184246
422373  60181.184692
422403  60181.19891
422406  60181.200282
422410  60181.202081
422411  60181.20253
422412  60181.202978
422439  60181.215266
422440  60181.215718
422441  60181.216167
422443  60181.217074
422459  60181.224269
422478  60181.233177
423325  60182.17272
423371  60182.194904
423410  60182.213681
423452  60182.233512
423603  60182.310177
439653  60210.050971
439734  60210.089925
439773  60210.108726
439774  60210.109174
439775  60210.109623
439776  60210.11007
439810  60210.125776
439811  60210.126225
439812  60210.126675
439813  60210.127123
442041  60214.155885
442075  60214.171625
442076  60214.172071
442128  60214.196086
453132  60236.015065
462116  60247.029978
462153  60247.046597
462368  60247.14549
462369  60247.145939
462370  60247.146392
462371  60247.146841
462372  60247.14729
462412  60247.166617
462417  60247.168922
462419  60247.169822
463653  60249.000308
463654  60249.000755
463656  60249.001648
463682  60249.013379
463683  60249.013825
463685  60249.014723
463686  60249.015169
464416  60250.000505
464417  60250.000952
464418  60250.001401
464422  60250.003191
464446  60250.013939
464447  60250.014389
464451  60250.016225
464452  60250.016673
469642  60265.031763
469644  60265.032658
475011  60273.127473
482062  60283.035957
483445  60285.032248
495373  60307.033243
495374  60307.03369
495379  60307.035923
495380  60307.03637
495407  60307.048505
585480  60447.432107
585488  60447.435682
586559  60451.374657
596904  60465.425623
596905  60465.42607
596907  60465.426964
596908  60465.427414
596909  60465.427862
597976  60466.433767
597977  60466.434217
597986  60466.438242
597987  60466.438692
602238  60484.443437
602241  60484.44478
624577  60509.279483
624578  60509.27993
624579  60509.280379
624581  60509.281275
624582  60509.281737
624617  60509.29779
624619  60509.298685
624621  60509.299584
626618  60511.252589
626619  60511.253036
626661  60511.272137
626662  60511.272587
626671  60511.27675
626673  60511.277643
626674  60511.278089
626707  60511.293332
626708  60511.293779
626709  60511.294226
626710  60511.294672
627711  60512.277025
627712  60512.277471
627713  60512.277918
627714  60512.278366
627715  60512.278814
627716  60512.279261
627734  60512.287412
627747  60512.293344
627748  60512.29379
627749  60512.294241
627750  60512.29469
628714  60514.282756
628715  60514.283202
628717  60514.284095
628720  60514.285441
628721  60514.285887
628755  60514.303309
628756  60514.303759
628758  60514.304657
628759  60514.305111
628765  60514.30783
690400  60601.037252
690404  60601.039042
690405  60601.039489
690407  60601.040383
690408  60601.04083
690443  60601.057224
690444  60601.057673
690450  60601.060419
690452  60601.061315
690453  60601.061764
690487  60601.078191
690488  60601.078645
690490  60601.079544
690531  60601.099318
690533  60601.100226
690553  60601.109739
690588  60601.126389
690589  60601.126836
690590  60601.127284
690595  60601.129578
690596  60601.130044
690631  60601.14729
690632  60601.147739
690633  60601.148186
695194  60607.004806
695195  60607.005253
695196  60607.0057
700794  60614.006898
700804  60614.011372
700826  60614.021372
702380  60616.004126
702381  60616.004572
711391  60630.018218
711440  60630.041404
711441  60630.041866
713605  60633.024891
729465  60658.080296
729466  60658.080743
733355  60664.033497
733356  60664.033946
733357  60664.034391
733360  60664.035738
733390  60664.049423
733391  60664.049869
733392  60664.050317
733393  60664.050766
734748  60666.054332
852062  60823.433721
852063  60823.434167
854017  60825.425128
854018  60825.425574
854020  60825.426468
854043  60825.436826
854044  60825.437273
854047  60825.438615
854049  60825.439513
854050  60825.43996
857290  60830.430084
857291  60830.430533
857316  60830.441764
857317  60830.442218
858886  60833.435408
858887  60833.43586
858888  60833.436309
868568  60853.431297
868569  60853.431745
868570  60853.432192
868574  60853.433982
882304  60875.43818
882313  60875.442202
882314  60875.442651
882315  60875.4431
883330  60876.433084
885426  60878.437431
889505  60882.435554
889512  60882.438683
889513  60882.439129
889514  60882.439578
898392  60893.223245
898393  60893.223692
898429  60893.24011
898431  60893.241005
899371  60894.210865
899407  60894.227493
899421  60894.233842
899424  60894.235183
899425  60894.235632
899451  60894.247381
899452  60894.247831
899455  60894.249174
931852  60946.078357
931877  60946.089944
931878  60946.090393
935355  60951.087368
935356  60951.087813
935358  60951.088707
935383  60951.100085
935384  60951.100532
935386  60951.10143
935428  60951.121158
935461  60951.136527
938964  60956.151497
938985  60956.162617
953320  60975.999453
953326  60976.002136
953360  60976.017568
953361  60976.018014
953375  60976.024435
954883  60978.002491
954886  60978.003832
954887  60978.004281
954888  60978.004728
954918  60978.018329
954919  60978.018775
954922  60978.020123
954923  60978.020573
960032  60993.026422
960033  60993.02687
960034  60993.027319
960035  60993.027766
972457  61012.031317
972458  61012.031765
972459  61012.032214
972460  61012.032663
972507  61012.054698
972508  61012.055147
972509  61012.055598
972510  61012.056047
973190  61013.053145
973236  61013.075318
991928  61041.035163
991934  61041.037847
991935  61041.038295
1098336  61179.427148
1098350  61179.433426
1098351  61179.433873
1098352  61179.434329
1101981  61185.422989
1105659  61189.406261
1105707  61189.431757
1108085  61195.433122
1108086  61195.433571
1111575  61218.350944
1111576  61218.351391
1111577  61218.351844
1114468  61221.321694
1114469  61221.322141
1114504  61221.339655
1114505  61221.340104
1114520  61221.346859
1114521  61221.347305
1114525  61221.349093
1114526  61221.349539
1114551  61221.362241
1114556  61221.364477
1114557  61221.364928
1114565  61221.368532
1114578  61221.375618
1114579  61221.376071
1114590  61221.380997
1114591  61221.381446
1114616  61221.393586
1114617  61221.394043
1132938  61246.249202
1132939  61246.24965
1132972  61246.265006
1137098  61250.346814
1137101  61250.348176
1137102  61250.348624
1137106  61250.350414
1137107  61250.350876
1137142  61250.369265
1137148  61250.372021
1137149  61250.372469
1137155  61250.375211
1137156  61250.375669
1139048  61252.290583
1139052  61252.292414
1139053  61252.292863
1139054  61252.293313
1139055  61252.293762
1139089  61252.312139
1139090  61252.312586
1139091  61252.313036
1139095  61252.314889
1139112  61252.322553
1139163  61252.348576
1173242  61305.091341
1173243  61305.091788
1173287  61305.112694
1173288  61305.113144
1179485  61312.093658
1179487  61312.094551
1179488  61312.094997
1179491  61312.096345
1179492  61312.096791
1179532  61312.118179
1179533  61312.118628
1179534  61312.119077
1179535  61312.119527
1179538  61312.120891
1179539  61312.121344
1179761  61312.23103
1179772  61312.235961
1179773  61312.236412
1179797  61312.247371
1179798  61312.247824
1179809  61312.252889
1179810  61312.253338
1179887  61312.289032
1202195  61342.011579
1202199  61342.013369
1202200  61342.013815
1202201  61342.014269
1202202  61342.014715
1202731  61343.007269
1202732  61343.007717
1202738  61343.010399
1202742  61343.01219
1202743  61343.012635
1202758  61343.019579
1202970  61344.009307
1202975  61344.011541
1202976  61344.011987
1203805  61348.021324
1203806  61348.021773
1203807  61348.022223
1204769  61351.006663
1204812  61351.026168
1205538  61355.009832
1205540  61355.010731
1205541  61355.011181
1205579  61355.028423
1206282  61356.026369
1207337  61358.013253
1207365  61358.025873
1207366  61358.026321
1213930  61367.119476
1213977  61367.142774
1215242  61369.045334
1215243  61369.045794
1215254  61369.052289
1215272  61369.060687
1215273  61369.061144
1215282  61369.0654
1215326  61369.088349
1215369  61369.110482
1342383  61546.42729
1357294  61572.427863
1357295  61572.428312
1357296  61572.428761
1357297  61572.429211
1357298  61572.429659
1357325  61572.441905
1357326  61572.442354
1357327  61572.4428
1361645  61576.418864
1361646  61576.419313
1361647  61576.419762
1361650  61576.421118
1361651  61576.421568
1361653  61576.422466
1361681  61576.436124
1361682  61576.436573
1361683  61576.437019
1361688  61576.439296
1361689  61576.439745
1361690  61576.440191
1364164  61579.365105
1364165  61579.365552
1364167  61579.366447
1364169  61579.367347
1364212  61579.389114
1364213  61579.389564
1364214  61579.390014
1364216  61579.390952
1370257  61586.432848
1370259  61586.433745
1384183  61607.427296
1395229  61622.433346
1395230  61622.433793
1402604  61630.210304
1402605  61630.210751
1402609  61630.212538
1402644  61630.22949
1402645  61630.229936
1402648  61630.231279
1402649  61630.231725
1423130  61686.046821
1423131  61686.04727
1423162  61686.062277
1423163  61686.062727
1423167  61686.064559
1423207  61686.08342
1425643  61689.053232
1425644  61689.053678
1425645  61689.054124
1425648  61689.055465
1425649  61689.055914
1425650  61689.056361
1425688  61689.074031
1425689  61689.074477
1425692  61689.07586
1425693  61689.076309
1425694  61689.076758
1425713  61689.085275
1425714  61689.085725
1425715  61689.086176
1425751  61689.103342
1425752  61689.103794
1425753  61689.104243
1429678  61694.077685
1429721  61694.097753
1437366  61706.013058
1440334  61710.018316
1440335  61710.018765
1440336  61710.019213
1440337  61710.019665
1441811  61712.003851
1441813  61712.004747
1441814  61712.005193
1441815  61712.005646
1441816  61712.006092
1441836  61712.015094
1441837  61712.015542
1441845  61712.01929
1441846  61712.019739
1441847  61712.02019
1447491  61727.030705
1451771  61734.027058
1451773  61734.027967
1453952  61737.034695
1453953  61737.035151
1585700  61927.407392
1585701  61927.407838
1585703  61927.408732
1585704  61927.409181
1585741  61927.429182
1585742  61927.429631
1585744  61927.430528
1585745  61927.430979
1585758  61927.436834
1585759  61927.437284
1585760  61927.437733
1586709  61928.388568
1586710  61928.389015
1586717  61928.392144
1586718  61928.392591
1586737  61928.401173
1586738  61928.401619
1586749  61928.406628
1586750  61928.407077
1586752  61928.40797
1586753  61928.408416
1586788  61928.42417
1594026  61957.321711
1594027  61957.322158
1594028  61957.322617
1594060  61957.337103
1597304  61960.352532
1597305  61960.352982
1597350  61960.375332
1597351  61960.375781
1597352  61960.376231
1597401  61960.400212
1597402  61960.400659
1597450  61960.424613
1597451  61960.425062
1628439  62010.159944
1628485  62010.183946
1632619  62016.139094
1632636  62016.14678
1632637  62016.147227
1632643  62016.149991
1632648  62016.15225
1632662  62016.158675
1632663  62016.159124
1632680  62016.166873
1632681  62016.167319
1632682  62016.167765
1632686  62016.169556
1632691  62016.171791
1632692  62016.172237
1632698  62016.174936
1632702  62016.176813
1632726  62016.187813
1632727  62016.188263
1632736  62016.19233
1632740  62016.194222
1632757  62016.202274
1632759  62016.203173
1632760  62016.203622
1632795  62016.219886
1632797  62016.220784
1632798  62016.221233
1649387  62041.118529
1655642  62049.048874
1655694  62049.078806
1655695  62049.079258
1656873  62050.228883
1656874  62050.229332
1656875  62050.22978
1656876  62050.230229
1656903  62050.242566
1656905  62050.243463
1656906  62050.243909
1656907  62050.244358
1656908  62050.244803
1666636  62065.001258
1666664  62065.013892
1666665  62065.014341
1674899  62079.100602
1674900  62079.101051
1674901  62079.101507
1674929  62079.114762
1674930  62079.115211
1674931  62079.11566
1674932  62079.116115
1674975  62079.136483
1674976  62079.136942
1675008  62079.152331
1675009  62079.15279
1678560  62084.022421
1678561  62084.022871
1678562  62084.02332
1684348  62093.020446
1695658  62111.032125
1695659  62111.03258
1695660  62111.033029
1695674  62111.039337
1695675  62111.039791
1703180  62122.032282
1703181  62122.032731
1703182  62122.033179
1703218  62122.049496
1703219  62122.049942
1703222  62122.051284
1712565  62136.038192
1713283  62137.049855
1827158  62278.435697
1827159  62278.436144
1839466  62302.430008
1839467  62302.430456
1839468  62302.430906
1839470  62302.431804
1839483  62302.437653
1839496  62302.443595
1839497  62302.444045
1839499  62302.444941
1842289  62305.428544
1842290  62305.428992
1842291  62305.429441
1842292  62305.42989
1842293  62305.430339
1842294  62305.430789
1842304  62305.435287
1842319  62305.44216
1842320  62305.442606
1842321  62305.443054
1842322  62305.443503
1844342  62307.429367
1844371  62307.442555
1844374  62307.443912
1846445  62309.436662
1846447  62309.437557
1846448  62309.438004
1848468  62311.398232
1848511  62311.418816
1848545  62311.434557
1848546  62311.435005
1848547  62311.435452
1851561  62314.319225
1851598  62314.336289
1851630  62314.351312
1851631  62314.351758
1851657  62314.363865
1851658  62314.364313
1851660  62314.365207
1851661  62314.365658
1851667  62314.368338
1851691  62314.379396
1851693  62314.38033
1889807  62367.190968
1889814  62367.194131
1889815  62367.194578
1889816  62367.195027
1889817  62367.195475
1889837  62367.204484
1889844  62367.207671
1889846  62367.208566
1889847  62367.209016
1912493  62399.228291
1912494  62399.22874
1912495  62399.229187
1912496  62399.229636
1912528  62399.244552
1912529  62399.245002
1912548  62399.253612
1912549  62399.254066
1912579  62399.268341
1912580  62399.268794
1928505  62421.026568
1928506  62421.027016
1928529  62421.038358
1928541  62421.044611
1928542  62421.045081
1928565  62421.056205
1929822  62423.069152
1929852  62423.083109
1929853  62423.083594
1931394  62425.025857
1931395  62425.026304
1931416  62425.036139
1931417  62425.036587
1936596  62432.999279
1936597  62432.999727
1936637  62433.018176
1936648  62433.023285
1936697  62433.046287
1936698  62433.046735
1936699  62433.047184
1936700  62433.047634
1936702  62433.048572
1936739  62433.065451
1936740  62433.0659
1936741  62433.066355
1936973  62433.181612
1937029  62433.209321
1939852  62437.017303
1939853  62437.017749
1939858  62437.019983
1952866  62463.015226
1952867  62463.015673
1952870  62463.017016
1952883  62463.022865
1952884  62463.023311
1952916  62463.039032
1952917  62463.039481
1952918  62463.039928
1952921  62463.041281
1952935  62463.047645
1966197  62486.029048
1966201  62486.030836
1966202  62486.031286
1966204  62486.032187
1966244  62486.05041
1966246  62486.051306
1966247  62486.051755
1966251  62486.053541
1966255  62486.055412
1966278  62486.066545
1971816  62494.032098
1971817  62494.032544
1971854  62494.049521
1971855  62494.04997
2084981  62643.430746
2084982  62643.431194
2084989  62643.434323
2084990  62643.43477
2084994  62643.43657
2085970  62644.430488
2085971  62644.430935
2085972  62644.431384
2091898  62652.422292
2091899  62652.422738
2091903  62652.424527
2095676  62656.428769
2095697  62656.438265
2095698  62656.438715
2095706  62656.442387
2113032  62695.291821
2113033  62695.29227
2113034  62695.292717
2113066  62695.307971
2113067  62695.308421
2113068  62695.308867
2115990  62699.271788
2116021  62699.286541
2116026  62699.288776
2116028  62699.289669
2116029  62699.290116
2116032  62699.291461
2116033  62699.291908
2116061  62699.305059
2116063  62699.305953
2116064  62699.306399
2127958  62723.229158
2127986  62723.242886
2127988  62723.243783
2146298  62747.129574
2146323  62747.141149
2146328  62747.143388
2146329  62747.143835
2146330  62747.144282
2148003  62750.142909
2148004  62750.143356
2148047  62750.163768
2148048  62750.164217
2148100  62750.187902
2148150  62750.212242
2149875  62752.135295
2149876  62752.135742
2149877  62752.136189
2149917  62752.155555
2171350  62780.113794
2171352  62780.114693
2171366  62780.121022
2171367  62780.121478
2171368  62780.121927
2171369  62780.122376
2171387  62780.130576
2171388  62780.131026
2171738  62781.098557
2171739  62781.099007
2171740  62781.099457
2171741  62781.099905
2171770  62781.115975
2171771  62781.116424
2171772  62781.116873
2175778  62787.029133
2175809  62787.043482
2175954  62787.111453
2175955  62787.111902
2175956  62787.112349
2175957  62787.112808
2175959  62787.113705
2175988  62787.12696
2175989  62787.127409
2175990  62787.127856
2175991  62787.128317
2175994  62787.129676
2176206  62787.22933
2176207  62787.229776
2190175  62808.019395
2190176  62808.019844
2190217  62808.039985
2190218  62808.04044
2192946  62816.123728
2192947  62816.12418
2192995  62816.148601
2192996  62816.149047
2209095  62844.103778
2209623  62845.027687
2209624  62845.02814
2209625  62845.028589
2209626  62845.029043
2209661  62845.045781
2209665  62845.047572
2209666  62845.048021
2209699  62845.064567
2314088  63010.428597
2314089  63010.429044
2314100  63010.43397
2314101  63010.434416
2314102  63010.43487
2314103  63010.435317
2320946  63019.429274
2320950  63019.431074
2320951  63019.431521
2320952  63019.431974
2321927  63020.390542
2321972  63020.415099
2322007  63020.435526
2322008  63020.435974
2322009  63020.436423
2322010  63020.436872
2322014  63020.438684
2322016  63020.439589
2323001  63021.41256
2323027  63021.42649
2323028  63021.426935
2323034  63021.429651
2323035  63021.430099
2323036  63021.430552
2338529  63053.295364
2338530  63053.295811
2338559  63053.308911
2338560  63053.309361
2338598  63053.327252
2338599  63053.3277
2338600  63053.328146
2338601  63053.3286
2338602  63053.329046
2338627  63053.340476
2338628  63053.340922
2338629  63053.341371
2338630  63053.341818
2338631  63053.342271
2338632  63053.34272
2338639  63053.345994
2361815  63091.428269
2385340  63131.08183
2385372  63131.096442
2385374  63131.097338
2385375  63131.097785
2385376  63131.098262
2385397  63131.10779
2385399  63131.108683
2386248  63132.089934
2386249  63132.090389
2386281  63132.105161
2386282  63132.105615
2386291  63132.109701
2386298  63132.11283
2386299  63132.11328
2386300  63132.113733
2386319  63132.122489
2386335  63132.130466
2386338  63132.131838
2406244  63160.026915
2406245  63160.027361
2406974  63160.998725
2406975  63160.999172
2407009  63161.014515
2407024  63161.021788
2407027  63161.023129
2407028  63161.023577
2407055  63161.036249
2407057  63161.037145
2407058  63161.037594
2407091  63161.053407
2407092  63161.053858
2407131  63161.07205
2407132  63161.072502
2407133  63161.072951
2407854  63162.025636
2413646  63169.084379
2413647  63169.084827
2413649  63169.085722
2413650  63169.086169
2413651  63169.086616
2413652  63169.087065
2413653  63169.087511
2413687  63169.104417
2413688  63169.104865
2413690  63169.105777
2413691  63169.106224
2413693  63169.107119
2414428  63170.089382
2414472  63170.112167
2420671  63187.022859
2420672  63187.023308
2420674  63187.024205
2420675  63187.024651
2430254  63200.12324
2430883  63201.088537
2430884  63201.088982
2430886  63201.089885
2430925  63201.110016
2430926  63201.110463
2431454  63203.03285
2431456  63203.033749
2431459  63203.035162
2445781  63226.032974
2445782  63226.03342
2445783  63226.033868
2445793  63226.038353
2445794  63226.0388
2445823  63226.051844
133531  59761.442417
133532  59761.442866
133534  59761.443764
133535  59761.444213
139257  59771.37183
139265  59771.375515
139266  59771.375963
139271  59771.378202
139281  59771.382847
139296  59771.389649
139300  59771.391439
139318  59771.399967
144680  59776.420869
155093  59786.440721
157848  59789.425359
157850  59789.426253
157851  59789.4267
158750  59790.436413
161523  59797.210165
161559  59797.227232
162528  59798.228346
163424  59799.196082
163459  59799.212149
185259  59825.101198
185339  59825.138177
185341  59825.139072
185344  59825.140419
185373  59825.153742
185375  59825.154637
185378  59825.155986
186251  59826.12609
187211  59827.130754
187214  59827.132117
187244  59827.146045
187245  59827.146494
187343  59827.191391
202985  59855.056651
203017  59855.071506
203018  59855.071957
209454  59863.145378
209455  59863.145826
209456  59863.146273
209457  59863.146722
209488  59863.162166
209493  59863.164483
209494  59863.164933
209578  59863.204987
209614  59863.222435
209617  59863.223776
218061  59875.002122
218062  59875.002569
218089  59875.014736
218091  59875.015632
218092  59875.016078
222776  59880.999459
222800  59881.010262
222806  59881.012942
229815  59897.015961
247991  59922.038906
248028  59922.056509
248029  59922.056962
255526  59934.031896
257619  59937.032911
364702  60083.431366
364996  60084.430806
364997  60084.431252
365003  60084.433939
366030  60085.42815
377843  60119.430133
377875  60119.444861
383296  60125.270602
401701  60147.436086
401705  60147.437877
422374  60181.185137
422409  60181.201632
422419  60181.206123
422420  60181.206578
422422  60181.207481
422442  60181.21662
422461  60181.225183
422463  60181.226084
423459  60182.236755
423557  60182.289335
423608  60182.312415
439736  60210.090821
439737  60210.091269
439738  60210.091715
439765  60210.105137
439767  60210.106033
439777  60210.110516
439814  60210.127608
454837  60238.024041
455145  60238.164869
455671  60239.044121
455767  60239.088137
462373  60247.14774
462381  60247.151318
462382  60247.151768
462413  60247.167063
462420  60247.170297
462424  60247.172096
463652  60248.999862
463684  60249.014273
463687  60249.015648
464419  60250.001847
464420  60250.002295
464448  60250.014838
464449  60250.015288
469634  60265.02817
469643  60265.03221
475004  60273.124317
475010  60273.127025
475044  60273.143679
482063  60283.036406
482064  60283.036858
583443  60445.430033
585481  60447.432554
585487  60447.435235
585489  60447.43613
602229  60484.439398
602230  60484.439846
602231  60484.440294
607697  60491.432034
624521  60509.254107
624522  60509.254555
624539  60509.262242
624540  60509.262689
624552  60509.268097
624553  60509.268547
624562  60509.272659
624566  60509.274511
624569  60509.275884
624580  60509.280826
624583  60509.282183
624616  60509.297342
624620  60509.299132
626660  60511.27169
626670  60511.276303
626675  60511.278535
626676  60511.278989
626713  60511.296021
626714  60511.29647
628713  60514.282308
628718  60514.284542
628719  60514.284992
628753  60514.302409
628754  60514.30286
628766  60514.308287
669507  60573.080113
669549  60573.100813
690403  60601.038596
690409  60601.041276
690410  60601.041724
690446  60601.058577
690454  60601.062213
690455  60601.062663
690485  60601.077293
690486  60601.077742
690505  60601.086322
690506  60601.086771
690507  60601.087219
690547  60601.107015
690548  60601.107462
690551  60601.108845
690552  60601.109292
690587  60601.125941
690591  60601.127745
700793  60614.006452
700805  60614.011819
700825  60614.020922
702382  60616.005021
711392  60630.018679
711442  60630.042372
733354  60664.033051
733358  60664.034838
733389  60664.048977
733394  60664.051213
733398  60664.053004
846095  60812.41993
846096  60812.420378
852064  60823.434613
854016  60825.424682
854021  60825.426913
854042  60825.436376
854048  60825.439063
854051  60825.44044
858885  60833.434953
868571  60853.432639
868573  60853.433535
882305  60875.438627
882312  60875.441756
883331  60876.433572
889506  60882.436001
889511  60882.438237
898351  60893.20413
898387  60893.221006
898388  60893.221457
898391  60893.222798
898394  60893.224138
898430  60893.240556
898432  60893.241452
899372  60894.211312
899379  60894.21444
899380  60894.214888
899408  60894.22794
899419  60894.232921
899420  60894.23337
935354  60951.08692
935359  60951.089154
935360  60951.089604
935387  60951.10188
935388  60951.102329
935392  60951.104141
953321  60975.9999
953325  60976.001689
953359  60976.01712
953365  60976.01989
954884  60978.002937
954885  60978.003386
954889  60978.005173
954891  60978.006071
954920  60978.019225
954921  60978.019675
960036  60993.028246
1098335  61179.426701
1098337  61179.427595
1099654  61181.429999
1099656  61181.430902
1101982  61185.423436
1105652  61189.402717
1105654  61189.40362
1105655  61189.404067
1105700  61189.428323
1105701  61189.428772
1105702  61189.429222
1108083  61195.432224
1108084  61195.432673
1114466  61221.320801
1114467  61221.321248
1114470  61221.322587
1114471  61221.323042
1114502  61221.338762
1114503  61221.33921
1114506  61221.34055
1114507  61221.341003
1114519  61221.34641
1114527  61221.349986
1114549  61221.361341
1114550  61221.36179
1114558  61221.365377
1114577  61221.375163
1114594  61221.382803
1137033  61250.313494
1137034  61250.313943
1137035  61250.31439
1137076  61250.336704
1137077  61250.337151
1137078  61250.337599
1137079  61250.338046
1137099  61250.347262
1139049  61252.291032
1139050  61252.291482
1139051  61252.291964
1139093  61252.31394
1139094  61252.314387
1173244  61305.092235
1173245  61305.092681
1173286  61305.112248
1173407  61305.172229
1179483  61312.092764
1179484  61312.093212
1179489  61312.095444
1179490  61312.095897
1179531  61312.117727
1179537  61312.120435
1179762  61312.231481
1179763  61312.231931
1179770  61312.235064
1179771  61312.235512
1179791  61312.244647
1179799  61312.24827
1202196  61342.012025
1202197  61342.012473
1202198  61342.012923
1202203  61342.015163
1202739  61343.010844
1202741  61343.011742
1202757  61343.01913
1202969  61344.008861
1202977  61344.012436
1213931  61367.119933
1215237  61369.043089
1215238  61369.043539
1215239  61369.043988
1215240  61369.044437
1215241  61369.044886
1215259  61369.054602
1215260  61369.055051
1215270  61369.059788
1215271  61369.060238
1215325  61369.087903
1215370  61369.110928
1342384  61546.427736
1342388  61546.429523
1342389  61546.42997
1342390  61546.430417
1357299  61572.430108
1357300  61572.430556
1357328  61572.443249
1361483  61576.342919
1361484  61576.343366
1361485  61576.343821
1361521  61576.360204
1361522  61576.360649
1361523  61576.361098
1361524  61576.361552
1361638  61576.415573
1361639  61576.416022
1361640  61576.41647
1361648  61576.420211
1361678  61576.434781
1361679  61576.435229
1361680  61576.435677
1361684  61576.437481
1361685  61576.437946
1364166  61579.365998
1364215  61579.390463
1370261  61586.434643
1402603  61630.209858
1402610  61630.212983
1402643  61630.229041
1402650  61630.232174
1402651  61630.232623
1402654  61630.233988
1423129  61686.04635
1423166  61686.064113
1425646  61689.05457
1425647  61689.055019
1425690  61689.074927
1425691  61689.075377
1429570  61694.026605
1429571  61694.027053
1429572  61694.027508
1429617  61694.048571
1429618  61694.04902
1429619  61694.049473
1429676  61694.076783
1429677  61694.077233
1429724  61694.099107
1429739  61694.106854
1429863  61694.169802
1429901  61694.188764
1437368  61706.013951
1437370  61706.014849
1441094  61711.017619
1441812  61712.004298
1441817  61712.006541
1441835  61712.014645
1441848  61712.020678
1447489  61727.029796
1447490  61727.030243
1451774  61734.028428
1453949  61737.033286
1585656  61927.385301
1585657  61927.385748
1585696  61927.404981
1585699  61927.406946
1585738  61927.427821
1585739  61927.428277
1585740  61927.428731
1585761  61927.438183
1586711  61928.389462
1586716  61928.391698
1586719  61928.393037
1586736  61928.400727
1586748  61928.406182
1586789  61928.42462
1586790  61928.425069
1586812  61928.435103
1586813  61928.435553
1593960  61957.291837
1593987  61957.304011
1593998  61957.308999
1597403  61960.401107
1597404  61960.401555
1597449  61960.424166
1628440  62010.160424
1628486  62010.18443
1632618  62016.138646
1632620  62016.139541
1632621  62016.13999
1632626  62016.142245
1632644  62016.150438
1632645  62016.150887
1632661  62016.1582
1632683  62016.168212
1632685  62016.16911
1632693  62016.172686
1632728  62016.188713
1632731  62016.190065
1632734  62016.191425
1632761  62016.204082
1632762  62016.204537
1632800  62016.222143
1632801  62016.22259
1655632  62049.044397
1655634  62049.045298
1655640  62049.047979
1655667  62049.063896
1655668  62049.064345
1655669  62049.064799
1655696  62049.079706
1655697  62049.080155
1655699  62049.081054
1655743  62049.102721
1655744  62049.103172
1655745  62049.103621
1666644  62065.004832
1666645  62065.005279
1666666  62065.014788
1678559  62084.021963
1684346  62093.019552
1684347  62093.019999
1684349  62093.020895
1684350  62093.021343
1703178  62122.031389
1703179  62122.031835
1703183  62122.033626
1703220  62122.050389
1703221  62122.050837
1827160  62278.436591
1839464  62302.429111
1839465  62302.429559
1842287  62305.427649
1842288  62305.428096
1842305  62305.435754
1842306  62305.436202
1842317  62305.441264
1842318  62305.441712
1842327  62305.445774
1844343  62307.429816
1844344  62307.430263
1844372  62307.443003
1844373  62307.44345
1846449  62309.438466
1851559  62314.31833
1851562  62314.319672
1851567  62314.321906
1851568  62314.322353
1851597  62314.335839
1851599  62314.336735
1851603  62314.338536
1851604  62314.338982
1851605  62314.339431
1889808  62367.191414
1889809  62367.191863
1889813  62367.193685
1889838  62367.204931
1889839  62367.20538
1889843  62367.207224
1928507  62421.027463
1928515  62421.03145
1929750  62423.035923
1929752  62423.036826
1929774  62423.046816
1929777  62423.048161
1931393  62425.02541
1931411  62425.033903
1931418  62425.037034
1935928  62431.053996
1935929  62431.054449
1935976  62431.078045
1936107  62431.1423
1936158  62431.168459
1936587  62432.995258
1936588  62432.995705
1936589  62432.996152
1936595  62432.998832
1936638  62433.018622
1936640  62433.019519
1936641  62433.019966
1936642  62433.020416
1936701  62433.048086
1936743  62433.067333
1939851  62437.016855
1952871  62463.017464
1952872  62463.017912
1952920  62463.040835
1952922  62463.04174
1956147  62468.036379
1966198  62486.029494
1966200  62486.030388
1966205  62486.032635
1966248  62486.052201
1966249  62486.052648
1966250  62486.053094
1966254  62486.054965
1966277  62486.066097
1971818  62494.03299
1971822  62494.034786
1971823  62494.035235
2084983  62643.43164
2084988  62643.433876
2085960  62644.426002
2085961  62644.42645
2085962  62644.426905
2091900  62652.423184
2091902  62652.424081
2095677  62656.429219
2095678  62656.429668
2113035  62695.293163
2113069  62695.309315
2113071  62695.310215
2115989  62699.271341
2116022  62699.286987
2116025  62699.28833
2116030  62699.290561
2116031  62699.291015
2116065  62699.306849
2125199  62719.2135
2125201  62719.214436
2127937  62723.219274
2146294  62747.127759
2146331  62747.144728
2146332  62747.145176
2148002  62750.142463
2148005  62750.143803
2148046  62750.16332
2148049  62750.164665
2149878  62752.136636
2149879  62752.137082
2171358  62780.117403
2171365  62780.120573
2171730  62781.09492
2171737  62781.098108
2171764  62781.113206
2171765  62781.113655
2174951  62786.021239
2174959  62786.024813
2175001  62786.044601
2175003  62786.045496
2175005  62786.046461
2175779  62787.029581
2175780  62787.030028
2175807  62787.042584
2175808  62787.043033
2182144  62795.006597
2182145  62795.007044
2182146  62795.007491
2208966  62844.042514
2209619  62845.025887
2209621  62845.026786
2209622  62845.027238
2209663  62845.046677
2209664  62845.047123
2209671  62845.050461
2314087  63010.428151
2314091  63010.429945
2314108  63010.437658
2314109  63010.438105
2320947  63019.429722
2320949  63019.430625
2322011  63020.437324
2322012  63020.437778
2323029  63021.427384
2323030  63021.427834
2338531  63053.296259
2338538  63053.299385
2338539  63053.299833
2338561  63053.309807
2338578  63053.318182
2338603  63053.329494
2338615  63053.335039
2338633  63053.343172
2370192  63108.315511
2385320  63131.07202
2385321  63131.072467
2385341  63131.082277
2385351  63131.086812
2385353  63131.087745
2385373  63131.096891
2386246  63132.08904
2386247  63132.089488
2386279  63132.104266
2386280  63132.104716
2386283  63132.106061
2386287  63132.1079
2386320  63132.122938
2391291  63141.074788
2391400  63141.125921
2391443  63141.145988
2406976  63160.999619
2406983  63161.002745
2406984  63161.003193
2407006  63161.013173
2407008  63161.014068
2407014  63161.016883
2407015  63161.017331
2413648  63169.085274
2413692  63169.106673
2414424  63170.087581
2414469  63170.11082
2414470  63170.111268
2414471  63170.111718
2414475  63170.113547
2414476  63170.113997
2420676  63187.025099
2420677  63187.025546
2420684  63187.028682
2430885  63201.089428
2431455  63203.0333
2431457  63203.034204
2431458  63203.034659
2445780  63226.032527
2445795  63226.039248
2445802  63226.042381
