2249 59583.080873
179972 59819.277562
200705 59851.196667
200725 59851.205001
200740 59851.211725
217577 59874.157263
217597 59874.165627
235013 59904.054465
235052 59904.071342
277107 59968.106906
277108 59968.107355
417975 60176.295388
417976 60176.295836
431150 60198.229227
431176 60198.240276
431184 60198.243858
431306 60198.298402
433920 60201.224154
465984 60260.073383
466033 60260.094764
466708 60261.071607
467455 60262.068093
615741 60499.426136
615742 60499.426584
615746 60499.428379
615747 60499.428826
657400 60554.287608
657428 60554.299551
657449 60554.308957
658295 60555.258054
660226 60557.256688
660233 60557.259822
661558 60559.258344
662433 60560.238415
675089 60582.213122
680166 60588.162637
699447 60612.126778
699448 60612.127225
700988 60614.100396
739650 60673.084908
742408 60677.068898
782200 60731.054561
911592 60907.350036
914645 60911.28124
914646 60911.281687
947264 60966.139892
947284 60966.148225
947285 60966.148673
947290 60966.150911
947317 60966.162998
949567 60971.113326
949587 60971.121691
949606 60971.130202
