306 59580.176685
185671 59825.293173
192971 59839.249214
195605 59842.231942
202516 59854.242093
204463 59857.221123
212026 59867.193187
214391 59870.185236
216824 59873.177415
225533 59884.162357
227791 59887.12827
229279 59896.117097
231488 59899.118604
233587 59902.077704
242061 59913.2778
243796 59916.087598
249520 59924.09209
250940 59927.09355
253007 59930.095095
254990 59933.111023
260510 59942.114415
262603 59945.110139
427596 60192.326151
429208 60195.26749
439196 60209.26129
441871 60212.247891
447602 60223.227981
449312 60226.319835
455413 60238.305817
457577 60241.167399
470474 60267.077477
472820 60270.141363
478627 60278.085623
480759 60281.0884
482889 60284.088866
484642 60287.090837
490076 60297.150077
490654 60300.112004
664633 60567.25631
671734 60578.307755
674180 60581.21105
684544 60593.20137
686545 60596.215142
693946 60605.171175
696322 60608.163933
698697 60611.155902
704821 60621.159496
706998 60624.115303
709723 60627.313291
712957 60632.073193
715192 60635.080057
716659 60640.083574
724719 60651.170656
726690 60654.092879
732246 60662.178263
734173 60665.11164
736220 60668.112485
917348 60919.37354
920500 60933.308055
933050 60947.235603
934771 60950.22787
941743 60959.274287
943983 60962.166006
946451 60965.159007
952843 60975.152796
955193 60978.154527
956905 60981.156023
959475 60992.116685
969094 61006.092547
970477 61009.085923
975393 61016.154178
976778 61019.153312
978835 61022.154919
988604 61036.11365
990702 61039.11409
994196 61044.101536
995611 61047.100533
996998 61050.100874
997718 61054.100745
1170906 61302.230944
1173580 61305.258571
1181632 61314.297542
1184005 61317.194026
1194587 61330.19926
1196958 61333.196088
1198617 61336.230654
1203266 61344.155424
1204080 61348.157468
1208255 61359.117737
1210387 61362.11973
1212564 61365.147291
1216016 61370.082445
1218191 61373.084606
