138023  59770.283661
138138  59770.335967
138143  59770.338204
138144  59770.338654
138145  59770.339103
140234  59772.324185
140239  59772.32642
140240  59772.326869
140356  59772.379601
140371  59772.386532
140372  59772.386979
140373  59772.387426
140375  59772.388321
140376  59772.388783
140399  59772.399707
162907  59798.423899
164477  59800.208636
164484  59800.211762
164485  59800.212209
164491  59800.214895
164492  59800.215342
164499  59800.218471
164500  59800.218918
164503  59800.220259
165933  59801.422584
167555  59803.213059
167556  59803.213506
167564  59803.217126
167565  59803.217573
167567  59803.218467
167568  59803.218914
167569  59803.21936
167573  59803.221148
167577  59803.222936
167578  59803.223382
167579  59803.223829
167588  59803.227851
167591  59803.229195
167592  59803.229641
167594  59803.230535
167595  59803.230981
167599  59803.232778
167608  59803.2368
167610  59803.237698
167611  59803.238145
167612  59803.238598
167614  59803.239491
167615  59803.239939
188709  59831.155424
188710  59831.15587
188711  59831.156319
188712  59831.156765
188713  59831.157218
188717  59831.159006
188719  59831.159901
188720  59831.160351
188721  59831.160797
188730  59831.164846
188731  59831.165295
188733  59831.166196
188737  59831.167982
191194  59836.246833
191212  59836.256847
203266  59856.061023
203284  59856.069406
214838  59871.006958
215672  59872.014279
215673  59872.014727
224426  59883.004298
224427  59883.004747
224431  59883.006536
229074  59896.015924
229075  59896.016373
229076  59896.016822
229077  59896.017278
251484  59928.03025
251491  59928.03338
251492  59928.03383
251494  59928.034735
368600  60094.422694
368604  60094.424482
368605  60094.424931
368606  60094.425377
368617  60094.430297
368619  60094.431189
368620  60094.431635
368624  60094.433423
368625  60094.433869
369706  60095.438829
371768  60100.39005
371784  60100.397225
371785  60100.397672
371786  60100.398119
371791  60100.400352
371792  60100.400806
371807  60100.40753
371816  60100.411553
371817  60100.411998
371819  60100.412892
371820  60100.413338
385584  60127.329978
385585  60127.330425
385588  60127.331765
385589  60127.332214
385590  60127.332661
385615  60127.343864
385616  60127.34431
424286  60183.164587
424287  60183.165034
424294  60183.168174
424295  60183.168621
424296  60183.16907
424297  60183.169517
424308  60183.174484
424309  60183.174931
424311  60183.175859
424312  60183.176305
424319  60183.179441
424320  60183.179895
424483  60183.254657
437973  60208.115401
440816  60211.17204
441557  60212.09623
441558  60212.096677
441578  60212.105642
441592  60212.111926
441593  60212.112373
441600  60212.11552
441601  60212.115967
441606  60212.118222
441612  60212.121016
441613  60212.121464
461224  60246.000648
461230  60246.003329
461232  60246.004222
461233  60246.004668
461236  60246.006014
461237  60246.006461
461238  60246.006908
461243  60246.009145
461245  60246.010038
461246  60246.010484
461248  60246.011377
461249  60246.011823
461250  60246.01227
461251  60246.012716
461254  60246.014059
461255  60246.014505
461259  60246.016293
461260  60246.016739
461263  60246.018084
461283  60246.027033
461284  60246.027481
477010  60276.024545
477011  60276.025001
477012  60276.025463
477044  60276.039871
477065  60276.049495
477106  60276.068633
477107  60276.069085
477108  60276.069572
588006  60456.431364
588007  60456.431811
588009  60456.432706
588010  60456.433152
588011  60456.433599
588015  60456.435387
588018  60456.436727
589025  60457.410317
589026  60457.410764
589027  60457.41121
589039  60457.416585
589040  60457.417032
589047  60457.42016
589048  60457.420607
589049  60457.421055
589050  60457.421502
589065  60457.428212
589066  60457.428659
589067  60457.429108
589070  60457.430487
589077  60457.433621
589078  60457.434068
591697  60460.43864
600976  60483.349403
600977  60483.34985
600982  60483.352086
600983  60483.352532
600986  60483.353873
600987  60483.354321
608710  60492.434196
608711  60492.434645
608712  60492.435092
608713  60492.435539
608714  60492.436
644312  60538.224126
644313  60538.224572
644315  60538.225472
646324  60540.220053
646325  60540.220499
646345  60540.229523
646346  60540.229972
646357  60540.234891
646364  60540.238039
646365  60540.238488
647378  60541.230366
647379  60541.230814
647380  60541.231264
647381  60541.231714
647389  60541.235324
647490  60541.280804
647492  60541.281727
663462  60566.148473
663463  60566.148919
664386  60567.139725
664387  60567.140171
665263  60568.121212
665264  60568.121659
665271  60568.124789
665272  60568.125235
665276  60568.127023
665278  60568.127918
694384  60605.997476
694385  60605.997924
694396  60606.002849
694403  60606.00598
694404  60606.006427
694405  60606.006874
694412  60606.010002
694413  60606.010449
694414  60606.010896
694417  60606.012237
694426  60606.01627
695983  60607.997324
695995  60608.002695
695996  60608.003142
695997  60608.003589
696001  60608.005379
696002  60608.005826
696013  60608.010764
696014  60608.011211
696791  60609.001076
698428  60611.017145
698429  60611.01759
706014  60623.008354
710657  60629.036787
710658  60629.037233
717273  60641.031286
717275  60641.032194
717277  60641.03309
730076  60659.04199
730077  60659.042439
730081  60659.044224
730083  60659.045124
730084  60659.045571
742337  60677.033967
742356  60677.042457
848194  60814.427521
848205  60814.432444
855779  60827.432318
855781  60827.433216
855782  60827.433663
855783  60827.434116
855787  60827.435903
855788  60827.436351
858348  60831.424836
858349  60831.425283
858350  60831.425733
858357  60831.42886
858369  60831.434228
858370  60831.434678
858371  60831.435128
858381  60831.439638
871230  60860.445124
871231  60860.445572
871232  60860.44602
871233  60860.446469
871234  60860.446927
877830  60869.298327
877831  60869.298774
877834  60869.300115
877835  60869.300561
877839  60869.302349
877848  60869.30637
877849  60869.306816
877853  60869.308607
877854  60869.309053
877855  60869.309499
877864  60869.313623
932788  60947.107777
932810  60947.117662
932816  60947.120369
932817  60947.120822
932850  60947.136091
932851  60947.136546
932852  60947.137001
933568  60949.062404
933577  60949.066428
933587  60949.070929
933591  60949.072736
933592  60949.073183
933663  60949.105003
933664  60949.105452
933665  60949.105901
934576  60950.131754
934577  60950.132203
934578  60950.132659
936167  60952.070053
936168  60952.070499
936169  60952.070945
936170  60952.071393
936185  60952.078114
936186  60952.078561
936187  60952.079008
936188  60952.079454
936189  60952.079935
936202  60952.085762
936203  60952.086211
936204  60952.086656
936205  60952.08711
936210  60952.089344
936211  60952.089793
936219  60952.093412
936221  60952.094308
936222  60952.094757
936223  60952.095205
936229  60952.097914
936250  60952.107328
936251  60952.107778
936252  60952.108228
936253  60952.108713
952561  60975.013179
952562  60975.013631
952568  60975.016323
961545  60995.02342
961546  60995.023866
961547  60995.024315
961559  60995.029686
965257  61000.021014
965258  61000.021462
965266  61000.02508
965267  61000.025536
965269  61000.026432
965271  61000.027328
965272  61000.027791
965285  61000.033674
983496  61029.034761
983542  61029.055652
983543  61029.0561
1100670  61182.425792
1100677  61182.428919
1100678  61182.429366
1100693  61182.436086
1112816  61219.422525
1112818  61219.423421
1112819  61219.423868
1112820  61219.424316
1113906  61220.419291
1113907  61220.41974
1113908  61220.420186
1113910  61220.421082
1113932  61220.430954
1113933  61220.431402
1113934  61220.431849
1113942  61220.435437
1113943  61220.435885
1113944  61220.436332
1113946  61220.437227
1113948  61220.438142
1115361  61222.348621
1115369  61222.352196
1115371  61222.353095
1115372  61222.353542
1115379  61222.356671
1115380  61222.35712
1115381  61222.357569
1115382  61222.358018
1120830  61231.445878
1120831  61231.446328
1120832  61231.446782
1125055  61235.443221
1125056  61235.44367
1125057  61235.44412
1130233  61243.441419
1130234  61243.441866
1159215  61276.191463
1159227  61276.196854
1159228  61276.1973
1159232  61276.199088
1159233  61276.199536
1159234  61276.199981
1159310  61276.234341
1159311  61276.234796
1160340  61277.253996
1160341  61277.254443
1160342  61277.254899
1161252  61278.215756
1161253  61278.216206
1161254  61278.216655
1161267  61278.222532
1161268  61278.222981
1161269  61278.223431
1161308  61278.240974
1161310  61278.241887
1161311  61278.242337
1161317  61278.245083
1171500  61303.094078
1172366  61304.089852
1172372  61304.092565
1172390  61304.100654
1172391  61304.101101
1174995  61307.090429
1174996  61307.090877
1174997  61307.091323
1175009  61307.096773
1175010  61307.097221
1175011  61307.097669
1175012  61307.098115
1175052  61307.116034
1175053  61307.116483
1175055  61307.117383
1175073  61307.125443
1175074  61307.125893
1175075  61307.126341
1200531  61339.997347
1200532  61339.997794
1200594  61340.025826
1200597  61340.027181
1200599  61340.028079
1200609  61340.032556
1200624  61340.039289
1200626  61340.040188
1200627  61340.040637
1200633  61340.043376
1200652  61340.05191
1200653  61340.052363
1200654  61340.052817
1200655  61340.053272
1200656  61340.053722
1214461  61368.032862
1214462  61368.03331
1214463  61368.033757
1214465  61368.034653
1214466  61368.035101
1214467  61368.035549
1218779  61374.027912
1218781  61374.02881
1231633  61394.033755
1231634  61394.034204
1231635  61394.03465
1231665  61394.048275
1344732  61550.430983
1344733  61550.431429
1344734  61550.431875
1344749  61550.438609
1345751  61551.422553
1345752  61551.423
1345783  61551.436887
1345784  61551.437334
1345788  61551.439124
1351229  61559.427252
1351236  61559.430379
1351257  61559.439838
1351258  61559.440287
1357142  61572.35476
1357157  61572.361865
1358325  61573.394157
1360393  61575.340836
1360404  61575.345754
1360424  61575.354715
1360425  61575.355162
1360426  61575.355609
1360427  61575.356056
1360439  61575.361522
1360440  61575.361969
1360443  61575.363311
1360444  61575.363757
1360445  61575.364203
1360448  61575.365549
1360449  61575.365996
1360450  61575.366444
1360465  61575.373164
1360466  61575.373613
1360467  61575.374058
1360468  61575.374512
1360469  61575.374959
1360489  61575.383906
1360490  61575.384355
1360491  61575.384802
1382845  61606.279118
1382846  61606.279564
1382849  61606.280905
1382850  61606.281352
1382851  61606.281799
1382853  61606.282699
1401826  61629.21145
1424767  61688.034362
1424775  61688.037935
1424787  61688.043312
1424788  61688.043758
1424793  61688.045998
1424794  61688.046445
1424795  61688.046892
1424796  61688.047339
1430550  61695.111767
1430551  61695.112214
1430552  61695.112662
1430553  61695.113111
1430567  61695.119553
1430568  61695.120002
1430569  61695.120448
1430571  61695.121344
1430572  61695.121801
1430573  61695.122262
1430574  61695.122708
1430577  61695.124054
1430586  61695.128105
1430587  61695.128561
1445251  61724.024559
1445256  61724.026812
1445265  61724.03097
1445266  61724.031419
1445267  61724.031865
1445268  61724.032325
1445282  61724.039001
1458780  61744.036754
1458781  61744.037203
1458782  61744.037653
1462242  61749.052659
1463566  61751.032716
1463569  61751.034063
1463570  61751.034513
1463571  61751.034962
1463594  61751.045398
1469140  61759.034995
1469143  61759.03634
1469144  61759.036786
1472716  61766.049459
1472717  61766.049906
1476075  61771.0387
1590113  61947.428845
1590114  61947.429292
1590123  61947.433334
1590124  61947.433781
1590125  61947.434229
1590137  61947.43961
1590138  61947.440058
1590139  61947.440505
1590145  61947.443195
1590148  61947.444538
1590149  61947.444985
1592144  61952.434085
1592145  61952.434534
1592146  61952.434981
1592150  61952.436775
1592151  61952.437224
1592152  61952.437671
1592153  61952.438118
1592417  61954.428667
1592418  61954.429128
1596237  61959.348534
1596238  61959.348983
1596239  61959.349433
1596257  61959.357483
1596258  61959.357933
1596259  61959.358382
1596281  61959.368361
1604871  61974.439941
1604872  61974.44039
1604876  61974.442175
1604877  61974.442622
1605855  61975.42762
1605856  61975.428069
1605862  61975.430752
1605865  61975.432097
1605866  61975.432546
1606834  61976.428078
1606835  61976.428527
1615902  61989.220853
1615903  61989.221301
1615904  61989.221748
1615905  61989.222195
1615910  61989.224432
1615911  61989.224879
1615917  61989.227563
1615918  61989.22801
1615921  61989.229351
1615925  61989.231138
1615926  61989.231584
1615944  61989.239633
1615948  61989.241423
1615949  61989.241869
1615972  61989.25216
1615974  61989.253059
1630468  62012.213873
1631290  62013.149973
1631380  62013.191058
1631381  62013.191506
1635923  62022.137286
1651038  62043.082803
1651039  62043.083249
1651049  62043.087734
1651050  62043.088181
1651053  62043.089522
1651185  62043.148742
1651186  62043.149209
1668220  62067.002429
1668221  62067.002878
1668228  62067.006005
1668229  62067.006451
1668236  62067.009585
1668249  62067.015401
1669541  62069.002266
1669542  62069.002713
1669543  62069.00316
1669548  62069.005393
1669549  62069.00584
1669562  62069.011665
1669563  62069.012111
1669564  62069.012558
1669567  62069.013898
1669569  62069.014792
1669570  62069.015238
1669575  62069.017477
1669576  62069.017923
1673099  62077.005033
1673100  62077.005479
1673104  62077.007267
1673105  62077.007713
1673170  62077.036937
1673171  62077.037392
1673187  62077.044619
1673899  62078.002597
1673900  62078.003051
1673901  62078.003496
1673913  62078.009132
1673914  62078.009579
1693628  62107.100242
1693629  62107.100689
1693630  62107.101137
1693631  62107.101585
1709102  62131.034515
1710438  62133.033189
1710439  62133.033636
1710459  62133.042608
1714632  62139.035839
1832120  62284.401316
1832186  62284.431113
1832190  62284.432903
1832193  62284.434242
1832198  62284.436487
1832199  62284.436933
1832200  62284.437379
1832201  62284.437829
1835797  62288.401364
1835798  62288.401811
1835799  62288.402258
1835816  62288.409859
1835821  62288.4121
1835823  62288.412993
1835825  62288.413887
1835826  62288.414334
1835830  62288.416122
1835831  62288.416568
1835847  62288.423767
1835848  62288.424214
1835862  62288.430475
1835864  62288.431372
1835865  62288.431819
1835866  62288.432272
1835872  62288.434953
1835873  62288.435399
1835874  62288.435848
1835875  62288.436296
1835876  62288.436755
1835877  62288.437204
1847323  62310.351868
1849403  62312.324932
1849404  62312.325379
1849413  62312.329419
1849414  62312.329867
1850564  62313.351823
1850565  62313.352273
1850566  62313.352721
1850567  62313.353167
1850763  62313.442602
1850764  62313.443064
1890472  62368.178252
1890474  62368.179146
1890475  62368.179593
1890476  62368.180039
1890493  62368.187673
1890494  62368.18812
1890506  62368.193531
1890507  62368.193977
1890508  62368.194431
1890510  62368.195348
1891521  62369.203146
1891522  62369.203593
1891525  62369.204937
1891526  62369.205383
1891527  62369.205829
1891534  62369.208979
1891550  62369.216137
1891551  62369.216585
1891576  62369.227916
1892484  62370.187828
1892485  62370.188274
1892488  62370.189615
1892489  62370.190063
1892490  62370.19051
1911385  62396.139727
1915804  62404.072782
1915805  62404.073229
1915828  62404.083533
1916806  62405.115278
1916808  62405.116174
1916809  62405.116623
1916811  62405.117519
1916812  62405.117968
1916817  62405.120202
1916824  62405.123371
1937401  62434.002565
1937402  62434.003012
1937403  62434.003459
1937411  62434.007035
1937412  62434.007482
1937413  62434.00793
1937414  62434.008377
1937416  62434.009269
1937417  62434.009715
1937433  62434.016874
1937434  62434.01732
1938227  62435.000933
1938249  62435.010776
1938250  62435.011223
1938253  62435.012564
1938254  62435.013012
1938255  62435.013459
1938257  62435.014351
1938258  62435.014798
1938261  62435.016139
1938262  62435.016588
1939041  62436.007384
1939042  62436.007834
1939045  62436.009175
1939046  62436.009622
1939048  62436.010518
1941403  62439.020864
1944457  62450.007991
1944458  62450.008441
1944459  62450.00889
1951606  62461.041675
1951607  62461.042123
1951608  62461.042579
1957552  62473.043958
1968237  62489.037933
1968238  62489.038379
1968239  62489.038833
1968240  62489.039279
1970430  62492.046291
1970431  62492.046738
1970436  62492.048971
1970437  62492.049429
1971126  62493.037619
2082656  62639.423981
2082665  62639.428002
2101320  62677.429057
2101321  62677.429504
2101322  62677.429951
2101324  62677.430846
2101334  62677.435327
2101335  62677.435775
2101342  62677.438912
2101343  62677.439359
2101344  62677.439807
2101356  62677.445211
2101357  62677.445658
2101358  62677.446106
2102354  62678.429823
2102355  62678.43027
2102356  62678.430726
2102372  62678.438017
2102373  62678.438464
2102374  62678.438926
2102383  62678.443102
2102384  62678.44355
2102385  62678.444012
2104507  62680.442713
2104508  62680.443161
2104509  62680.443608
2104510  62680.444057
2104511  62680.444505
2104512  62680.444953
2104513  62680.4454
2126994  62722.241557
2126995  62722.242003
2126997  62722.242897
2130298  62725.381804
2130300  62725.382702
2130301  62725.383149
2130304  62725.384495
2133095  62732.298168
2147268  62748.137182
2147269  62748.13763
2147276  62748.140757
2147277  62748.141204
2147287  62748.145679
2147316  62748.159471
2147317  62748.159917
2147322  62748.162151
2149055  62751.193121
2150838  62753.147311
2150839  62753.147758
2150860  62753.15722
2150861  62753.157666
2150864  62753.159007
2150865  62753.159453
2150887  62753.169372
2150899  62753.17474
2156090  62759.125161
2156091  62759.125609
2156094  62759.126954
2156095  62759.127401
2156096  62759.12785
2156170  62759.161422
2156189  62759.170006
2156190  62759.170455
2156191  62759.170905
2156353  62759.245145
2157161  62760.196278
2157168  62760.201018
2171280  62780.078962
2171281  62780.079407
2171282  62780.079855
2171286  62780.081643
2171287  62780.082089
2176747  62788.091285
2176748  62788.091734
2176749  62788.092184
2176750  62788.092641
2176752  62788.09354
2176753  62788.093999
2176924  62788.171285
2176925  62788.171734
2176926  62788.172189
2176935  62788.176296
2181365  62794.008509
2182926  62796.002074
2184958  62799.011488
2184959  62799.011935
2184963  62799.013722
2184964  62799.014168
2184967  62799.015508
2184968  62799.015957
2187361  62802.009184
2187362  62802.00963
2187365  62802.010975
2187366  62802.011422
2187367  62802.01187
2187368  62802.01232
2196536  62822.015492
2198344  62827.034162
2198345  62827.034609
2207313  62841.041991
2207314  62841.04245
2211020  62850.045635
2215115  62856.046397
2215116  62856.046843
2215118  62856.047736
2215119  62856.048185
2215120  62856.048632
2215121  62856.049082
2222277  62869.03714
2315371  63013.421974
2315372  63013.422422
2315397  63013.433654
2315405  63013.437235
2315406  63013.437681
2316404  63014.425097
2316405  63014.425544
2316408  63014.426885
2316409  63014.427331
2316411  63014.428222
2316414  63014.429561
2316426  63014.434943
2316427  63014.435392
2326255  63034.434206
2326256  63034.434655
2326257  63034.435103
2326258  63034.435552
2326259  63034.436
2326273  63034.442276
2326274  63034.442725
2326275  63034.443171
2326276  63034.443631
2336997  63051.320208
2336998  63051.320655
2352506  63078.227923
2353860  63079.368752
2354639  63080.243506
2354640  63080.243952
2354643  63080.245293
2354644  63080.245741
2354645  63080.246188
2354650  63080.248425
2354653  63080.249764
2354656  63080.25111
2354657  63080.251557
2354659  63080.252451
2354660  63080.2529
2354664  63080.254691
2354665  63080.255137
2369089  63107.161887
2369091  63107.162782
2369092  63107.16323
2369100  63107.16688
2369101  63107.167327
2369102  63107.167774
2369103  63107.16822
2369104  63107.168667
2369111  63107.171839
2376104  63115.168156
2376105  63115.168606
2388116  63135.124948
2388451  63136.071398
2388461  63136.075872
2388472  63136.080806
2388474  63136.081701
2388475  63136.082148
2388476  63136.082595
2388483  63136.085722
2388484  63136.086169
2388487  63136.087515
2388488  63136.087962
2388493  63136.090196
2388494  63136.090643
2388497  63136.091984
2388498  63136.092432
2388499  63136.092879
2388501  63136.093771
2388502  63136.094218
2388505  63136.095559
2388506  63136.096005
2388509  63136.097346
2389410  63137.099645
2389411  63137.100094
2389412  63137.10054
2389413  63137.100994
2389414  63137.10144
2389415  63137.101892
2389418  63137.103238
2389419  63137.103688
2389434  63137.110394
2409458  63164.015241
2409459  63164.015688
2409462  63164.017028
2409463  63164.017477
2427138  63196.019189
2427964  63197.056057
2427965  63197.056514
2434228  63207.029867
2434229  63207.030317
2434230  63207.030766
2437676  63213.03138
2437677  63213.03183
2438363  63215.033719
2439049  63216.032846
2439050  63216.033298
2439051  63216.033747
2439053  63216.03467
2439086  63216.049572
138022  59770.283214
138024  59770.284108
138147  59770.340043
140241  59772.327319
140242  59772.327773
140243  59772.328223
140354  59772.378705
140357  59772.380049
140359  59772.380943
140370  59772.38607
141576  59773.440524
162908  59798.424345
162909  59798.424791
164483  59800.211316
164493  59800.215789
164498  59800.218025
164504  59800.220705
167558  59803.2144
167563  59803.21668
167570  59803.219805
167571  59803.220255
167572  59803.220702
167574  59803.221594
167575  59803.222041
167576  59803.22249
167589  59803.228297
167590  59803.228747
167596  59803.23143
167609  59803.237249
167616  59803.240388
189992  59835.118943
191203  59836.251822
191211  59836.256372
202169  59854.070747
203225  59856.042433
203265  59856.060543
203285  59856.069888
214818  59870.998018
214819  59870.998465
214837  59871.006511
214840  59871.007853
216489  59873.012677
224425  59883.003851
224428  59883.005193
224430  59883.00609
229070  59896.014106
229071  59896.014555
229072  59896.015004
229093  59896.02467
251485  59928.030698
251490  59928.032932
368601  60094.423139
368603  60094.424036
368618  60094.430743
368626  60094.434318
369704  60095.437931
369705  60095.43838
371769  60100.390497
371770  60100.390943
371783  60100.396778
371787  60100.398566
371788  60100.399011
371789  60100.399457
371790  60100.399906
371793  60100.401252
371808  60100.407976
371818  60100.412445
371824  60100.415137
385586  60127.33087
385587  60127.331319
385591  60127.333107
385617  60127.344758
424249  60183.147693
424258  60183.151715
424285  60183.164141
424288  60183.165481
424289  60183.165927
424298  60183.169963
424310  60183.175377
441559  60212.097124
441579  60212.106088
441602  60212.116416
441604  60212.117318
441614  60212.121946
461225  60246.001095
461226  60246.001541
461228  60246.002437
461229  60246.002883
461234  60246.005114
461235  60246.005568
461239  60246.007354
461242  60246.008699
461247  60246.01093
461252  60246.013162
461261  60246.017186
461262  60246.017635
461269  60246.020768
477013  60276.025909
477014  60276.026358
477047  60276.041225
477064  60276.048999
477066  60276.04999
477105  60276.068183
587939  60456.399791
588005  60456.430918
588012  60456.434044
588014  60456.434941
588019  60456.437173
589029  60457.412104
589030  60457.41255
589041  60457.417479
589043  60457.418374
589044  60457.418819
589046  60457.419714
589051  60457.421949
589053  60457.422844
589055  60457.423738
589068  60457.429554
589069  60457.430004
600922  60483.323585
600923  60483.324033
600978  60483.350296
600979  60483.350745
608715  60492.436447
608716  60492.436902
644314  60538.22502
646326  60540.220948
646327  60540.221397
647489  60541.280356
647493  60541.282188
651380  60546.17422
651381  60546.17467
663388  60566.112834
663389  60566.113288
664385  60567.139276
665262  60568.120765
665273  60568.125681
665275  60568.126577
665279  60568.128365
665281  60568.129262
694378  60605.994795
694382  60605.996582
694383  60605.997029
694386  60605.998371
694392  60606.001054
694393  60606.0015
694394  60606.001947
694395  60606.002402
694398  60606.003745
694402  60606.005533
694406  60606.007321
694411  60606.009555
694415  60606.011343
694419  60606.013132
694420  60606.013577
695984  60607.997771
695986  60607.998667
695998  60608.004035
696000  60608.004933
696003  60608.006283
696015  60608.011656
717276  60641.032641
717296  60641.041755
717297  60641.042205
730078  60659.042885
730080  60659.043778
730085  60659.046017
842028  60808.432499
842029  60808.432947
848180  60814.421252
848192  60814.426627
848193  60814.427073
848195  60814.427968
848202  60814.431095
848203  60814.431543
848204  60814.431998
855780  60827.432767
855789  60827.4368
858372  60831.435577
874180  60863.349449
877823  60869.295194
877824  60869.29564
877829  60869.297881
877837  60869.301456
877838  60869.301903
877850  60869.307262
877851  60869.307711
877852  60869.30816
877856  60869.309946
877857  60869.310395
877863  60869.313176
932845  60947.133682
932853  60947.137498
933534  60949.047177
933544  60949.051646
933558  60949.057916
933560  60949.058818
933566  60949.061509
933567  60949.061956
933569  60949.062851
933578  60949.066877
933579  60949.067324
933588  60949.071376
945301  60964.006566
952563  60975.014077
952564  60975.014526
952565  60975.014974
952566  60975.015423
955324  60979.030753
961542  60995.022063
961543  60995.022512
961544  60995.022959
961548  60995.024763
961549  60995.02521
961551  60995.026105
961557  60995.028792
961558  60995.029239
961560  60995.030134
961561  60995.030582
965249  61000.017432
965250  61000.01788
965254  61000.019672
965255  61000.020119
965256  61000.020567
965265  61000.024618
983495  61029.034314
983544  61029.056547
1100662  61182.422216
1100669  61182.425345
1100671  61182.426239
1100675  61182.428026
1100676  61182.428472
1100679  61182.429812
1100694  61182.436532
1100695  61182.436981
1100696  61182.437426
1112815  61219.422077
1113911  61220.42153
1113912  61220.421977
1113928  61220.429163
1113929  61220.429611
1113930  61220.430058
1113949  61220.438602
1115370  61222.352645
1120828  61231.444979
1120829  61231.445429
1125052  61235.441874
1125053  61235.442322
1125054  61235.442772
1130202  61243.427259
1158263  61275.211041
1159216  61276.191909
1159217  61276.192357
1159226  61276.196406
1159235  61276.20043
1159308  61276.23342
1159309  61276.233874
1160361  61277.263435
1160362  61277.263883
1161265  61278.221633
1161266  61278.222082
1161284  61278.23018
1161285  61278.230629
1161286  61278.231077
1161287  61278.231526
1161306  61278.240066
1161307  61278.240514
1171472  61303.079602
1171473  61303.08005
1171499  61303.093599
1172365  61304.089405
1172367  61304.0903
1172370  61304.091647
1172371  61304.092095
1172392  61304.101547
1196561  61333.000384
1200530  61339.996901
1200533  61339.998241
1200595  61340.026282
1200596  61340.026731
1200628  61340.041086
1200630  61340.041985
1200631  61340.042435
1200634  61340.043826
1214424  61368.015732
1214459  61368.031968
1214460  61368.032416
1218780  61374.028361
1218783  61374.029713
1218785  61374.03061
1218810  61374.042149
1218812  61374.043047
1231632  61394.033309
1231664  61394.047828
1231666  61394.048722
1231667  61394.049172
1339445  61542.427992
1344735  61550.432321
1344736  61550.43277
1344748  61550.438163
1345750  61551.422107
1345753  61551.423447
1345785  61551.43778
1345787  61551.438677
1351237  61559.430828
1351238  61559.431277
1357143  61572.355238
1360394  61575.341283
1360403  61575.345307
1360405  61575.346202
1360417  61575.351579
1360418  61575.352027
1360419  61575.352481
1360423  61575.354268
1360429  61575.35695
1360446  61575.364649
1360447  61575.365103
1382839  61606.276436
1382848  61606.280459
1382854  61606.283145
1382863  61606.287192
1401842  61629.218996
1421476  61684.057791
1424751  61688.027203
1424765  61688.033467
1424768  61688.034809
1424774  61688.037488
1424776  61688.038383
1424786  61688.042865
1424789  61688.044205
1424790  61688.044659
1424792  61688.045551
1424798  61688.048234
1430334  61695.005858
1430346  61695.011225
1430549  61695.111306
1445257  61724.02726
1445258  61724.027707
1445259  61724.028155
1445269  61724.032831
1445283  61724.039507
1462243  61749.053109
1462244  61749.053558
1463567  61751.033165
1463568  61751.033615
1469139  61759.034549
1469145  61759.037233
1472718  61766.050353
1590111  61947.42795
1590112  61947.428398
1590126  61947.434676
1590127  61947.435123
1592138  61952.431395
1592139  61952.431841
1592143  61952.433639
1592148  61952.43588
1592149  61952.436329
1592416  61954.428206
1592916  61955.297379
1596234  61959.347185
1596236  61959.348084
1604873  61974.440836
1604874  61974.441282
1604875  61974.441729
1605857  61975.428518
1605858  61975.428964
1605860  61975.429857
1605861  61975.430303
1605863  61975.431198
1605864  61975.431651
1606833  61976.427632
1615906  61989.222641
1615907  61989.223089
1615908  61989.223535
1615909  61989.223985
1615914  61989.226221
1615915  61989.226668
1615916  61989.227117
1615922  61989.229797
1615924  61989.230692
1615945  61989.240079
1615947  61989.240976
1615957  61989.245446
1631284  62013.147263
1631289  62013.149526
1631291  62013.15042
1631296  62013.152679
1635907  62022.129838
1635909  62022.130749
1635922  62022.136841
1651040  62043.083695
1651041  62043.084144
1651042  62043.08459
1651054  62043.089968
1668219  62067.001982
1668222  62067.003325
1668227  62067.005558
1668250  62067.015847
1668251  62067.016293
1669529  62068.996893
1669530  62068.997339
1669532  62068.998241
1669538  62069.000924
1669544  62069.003606
1669545  62069.004054
1669546  62069.0045
1669547  62069.004946
1669550  62069.006285
1669551  62069.00674
1669565  62069.013003
1669566  62069.013452
1669571  62069.015684
1669572  62069.016133
1669574  62069.017031
1673172  62077.037841
1673902  62078.003945
1673903  62078.004398
1692090  62105.057316
1709100  62131.033619
1709101  62131.034066
1709103  62131.034963
1709115  62131.040333
1823111  62271.430869
1823112  62271.431318
1823121  62271.435339
1832104  62284.394161
1832113  62284.398183
1832121  62284.401764
1832187  62284.431559
1832189  62284.432456
1832194  62284.434689
1832197  62284.436039
1835800  62288.402704
1835801  62288.403152
1835806  62288.405388
1835810  62288.407177
1835817  62288.410305
1835820  62288.411655
1835832  62288.417013
1835863  62288.430923
1847296  62310.339308
1847322  62310.351399
1849405  62312.325826
1849409  62312.327623
1849410  62312.32807
1849411  62312.328518
1849412  62312.328972
1850568  62313.35364
1890477  62368.180485
1890478  62368.180933
1890479  62368.181379
1890492  62368.187226
1890495  62368.188566
1890496  62368.18902
1890509  62368.194877
1891523  62369.204039
1891552  62369.217036
1892486  62370.18872
1892487  62370.189169
1892491  62370.190956
1915796  62404.069206
1915803  62404.072334
1915806  62404.073677
1915814  62404.07725
1915815  62404.077697
1915816  62404.078152
1915829  62404.083979
1915832  62404.08532
1916825  62405.123856
1937404  62434.003905
1937405  62434.004353
1937410  62434.006589
1937435  62434.017766
1938230  62435.002274
1938251  62435.011668
1938252  62435.012117
1938256  62435.013905
1938263  62435.017034
1939043  62436.00828
1939044  62436.008729
1944460  62450.00934
1944478  62450.017454
1944479  62450.017903
1944480  62450.018352
1968236  62489.037487
1968241  62489.039725
1968244  62489.041066
1968245  62489.041515
1970429  62492.045844
1971125  62493.037172
1971128  62493.03859
2082644  62639.418559
2082658  62639.424877
2082659  62639.425325
2082664  62639.427555
2082666  62639.428449
2101323  62677.430399
2101327  62677.43219
2101328  62677.432638
2101345  62677.440254
2101346  62677.440702
2101347  62677.441148
2101355  62677.444763
2102375  62678.439373
2102376  62678.439822
2104505  62680.441818
2104506  62680.442266
2126993  62722.241108
2130297  62725.381357
2130302  62725.383595
2130303  62725.384049
2133094  62732.297647
2147267  62748.136735
2147270  62748.138077
2147275  62748.14031
2147289  62748.146574
2147292  62748.147918
2147293  62748.148364
2150840  62753.148204
2150841  62753.148652
2150858  62753.156323
2150859  62753.156772
2150866  62753.159903
2150867  62753.160352
2156088  62759.124269
2156089  62759.124715
2156092  62759.126054
2156093  62759.126508
2156183  62759.167285
2156184  62759.16774
2156192  62759.171362
2171289  62780.082995
2176746  62788.090836
2176934  62788.175843
2181355  62794.004038
2181363  62794.007614
2181366  62794.008956
2182925  62796.001627
2184960  62799.012381
2184961  62799.012827
2184962  62799.013276
2184969  62799.016403
2187363  62802.010075
2187364  62802.010529
2198347  62827.035506
2198349  62827.036401
2198350  62827.03685
2215117  62856.04729
2215122  62856.049529
2215124  62856.050424
2315373  63013.422868
2315396  63013.433207
2315402  63013.435889
2316403  63014.424651
2316410  63014.427776
2316415  63014.430007
2316425  63014.434497
2316428  63014.43584
2316429  63014.436293
2319942  63018.440722
2326260  63034.436448
2326261  63034.436895
2326263  63034.43779
2336994  63051.318859
2336995  63051.319308
2352490  63078.220755
2354641  63080.244398
2354642  63080.244847
2354648  63080.247532
2354649  63080.247979
2354654  63080.25021
2354655  63080.250664
2354661  63080.253346
2354662  63080.253795
2354663  63080.254244
2369093  63107.163676
2369094  63107.164125
2369105  63107.169112
2388420  63136.057531
2388433  63136.063349
2388434  63136.063798
2388447  63136.069606
2388452  63136.071845
2388460  63136.075425
2388462  63136.07632
2388477  63136.083041
2388478  63136.083489
2388482  63136.085275
2388485  63136.086615
2388486  63136.087069
2388496  63136.091537
2388500  63136.093325
2388507  63136.096451
2388508  63136.0969
2409460  63164.016133
2409461  63164.016582
2415821  63172.005914
2427135  63196.017846
2427137  63196.018741
2427140  63196.020095
2427143  63196.021464
2427144  63196.021911
2434231  63207.031215
2434232  63207.031665
2434233  63207.032114
2437675  63213.030931
2438357  63215.031034
2439048  63216.0324
2439052  63216.034193
