156710  59788.3149
156751  59788.333374
159248  59791.230527
159274  59791.24524
159281  59791.248568
159286  59791.250904
159287  59791.25135
159289  59791.252244
159290  59791.252692
159300  59791.257148
159312  59791.262522
159313  59791.262968
159314  59791.263417
159317  59791.264758
159333  59791.272084
172556  59808.281757
172585  59808.295095
175189  59811.199966
175190  59811.200413
175193  59811.201754
175195  59811.202649
175196  59811.203095
175217  59811.212951
175218  59811.213398
175219  59811.213848
175223  59811.215668
175234  59811.220751
175235  59811.221198
175237  59811.222095
175238  59811.222544
175239  59811.222993
175262  59811.23388
175266  59811.235685
175267  59811.236135
175268  59811.236584
177296  59813.305833
177338  59813.325639
180838  59820.238482
180992  59820.31112
182600  59822.166532
182622  59822.176381
198853  59846.096464
198862  59846.10061
198863  59846.101056
198865  59846.10195
198867  59846.102846
198885  59846.110993
198895  59846.115526
198896  59846.115972
198897  59846.11642
198898  59846.116879
199867  59850.091667
199907  59850.110644
214152  59870.068686
214153  59870.069135
214182  59870.082579
214183  59870.083029
214184  59870.083478
214207  59870.094134
215950  59872.149717
215983  59872.167772
228648  59895.169736
228649  59895.170183
228651  59895.171078
228652  59895.171526
368543  60094.395464
368572  60094.408585
368573  60094.409034
368597  60094.420018
369668  60095.420354
369669  60095.420801
370731  60096.413721
370732  60096.414168
370737  60096.416404
370739  60096.417297
370740  60096.417743
382357  60124.329097
382358  60124.329544
382387  60124.342713
382388  60124.343161
382392  60124.345025
382405  60124.350855
382406  60124.3513
382407  60124.351753
382408  60124.3522
382431  60124.362528
382432  60124.362976
382433  60124.36343
382434  60124.363879
392489  60137.325948
392510  60137.336041
392558  60137.358257
392559  60137.358712
392583  60137.370162
392585  60137.371063
393415  60138.273333
393448  60138.288401
393449  60138.28885
394075  60139.326248
394097  60139.336066
394128  60139.352463
394129  60139.352919
394135  60139.355855
397170  60142.32485
411952  60163.358421
411994  60163.378613
420402  60179.175962
420403  60179.176409
420404  60179.176857
420425  60179.186254
420426  60179.186701
420427  60179.18715
421362  60180.173957
421363  60180.174404
421365  60180.1753
421399  60180.191592
421400  60180.192041
421403  60180.193383
428171  60193.166995
428175  60193.168783
428176  60193.169229
428177  60193.169678
428178  60193.170125
428222  60193.19107
428223  60193.19152
428227  60193.193349
428228  60193.193799
432157  60199.266673
432187  60199.280507
437162  60207.162139
437163  60207.162588
437164  60207.163037
437165  60207.163486
437166  60207.163936
437167  60207.164386
437204  60207.181589
437205  60207.182035
438202  60208.222574
438246  60208.242642
446602  60222.166061
446604  60222.166956
446640  60222.184484
446641  60222.184944
446642  60222.18539
446757  60222.240753
448495  60225.051215
448517  60225.061336
448545  60225.074046
448546  60225.074496
448571  60225.086005
448572  60225.086459
448574  60225.08736
448576  60225.088261
448580  60225.090049
448606  60225.101827
448607  60225.102279
448609  60225.103181
448610  60225.103636
597916  60466.404811
597917  60466.405257
597918  60466.405703
597922  60466.407492
597923  60466.407941
597924  60466.408387
597944  60466.417881
597945  60466.418327
597952  60466.421582
597953  60466.422031
597954  60466.422479
608466  60492.3193
608467  60492.319747
608468  60492.320193
608495  60492.332644
608496  60492.333093
608497  60492.333542
608500  60492.334883
608581  60492.372328
613381  60497.313577
613382  60497.314025
613384  60497.314918
613385  60497.315363
613388  60497.316704
613389  60497.31715
613415  60497.329147
613416  60497.329596
613419  60497.330956
613420  60497.331402
613422  60497.332297
613423  60497.332745
614438  60498.31814
614443  60498.320443
614490  60498.343509
614491  60498.343968
634979  60527.301774
634988  60527.305925
635013  60527.320134
635561  60528.207597
635593  60528.222662
635616  60528.233003
635617  60528.233449
635618  60528.233896
635650  60528.250241
635651  60528.250687
640970  60534.267775
640971  60534.268224
640972  60534.268673
641024  60534.293545
641025  60534.294001
643350  60537.238622
643351  60537.239072
643352  60537.239521
643392  60537.258652
643393  60537.259101
652313  60547.157981
652346  60547.173304
652352  60547.176082
652366  60547.182614
652367  60547.18306
652368  60547.183506
652371  60547.184851
652372  60547.185298
652373  60547.185747
652401  60547.198718
652404  60547.200072
652405  60547.200518
652406  60547.200967
652407  60547.201412
652426  60547.210115
652427  60547.210565
652439  60547.216012
652441  60547.216918
652449  60547.22054
652457  60547.224121
652458  60547.22457
652459  60547.225023
652464  60547.227298
652476  60547.232772
663621  60566.223767
663622  60566.224215
663624  60566.225131
663666  60566.245031
672168  60579.09409
672169  60579.094537
672174  60579.096774
672175  60579.097221
672176  60579.097668
672177  60579.098114
672215  60579.115627
672216  60579.116075
672219  60579.117426
672220  60579.117874
672222  60579.118769
678305  60586.092143
678306  60586.092589
678307  60586.093042
678348  60586.11287
678351  60586.114264
683492  60592.102897
683493  60592.103346
683520  60592.117959
683522  60592.118873
683523  60592.119322
685541  60595.121514
685591  60595.145079
685593  60595.145974
706263  60623.13203
852008  60823.40803
852009  60823.408476
852010  60823.408923
852969  60824.41361
852970  60824.414057
852971  60824.414505
852975  60824.416292
852978  60824.41763
853993  60825.412825
853996  60825.414166
857217  60830.394233
857218  60830.39468
857225  60830.397809
857260  60830.414964
857267  60830.41815
857273  60830.42085
857278  60830.423383
857279  60830.42383
864359  60847.358491
864392  60847.374035
874195  60863.357494
874196  60863.357944
874197  60863.358393
874226  60863.37162
874227  60863.372068
874228  60863.372518
874229  60863.372967
874248  60863.381577
874252  60863.383363
874282  60863.398603
874283  60863.399065
874284  60863.399521
875369  60864.403931
875370  60864.404379
875371  60864.404827
875398  60864.418121
875399  60864.418569
875400  60864.419017
891394  60885.234206
891395  60885.234654
891413  60885.242984
891414  60885.243431
891415  60885.243877
891416  60885.244326
891422  60885.247037
891436  60885.253404
891437  60885.25385
891440  60885.255229
891441  60885.255676
891442  60885.256125
891465  60885.267434
897531  60891.259474
897532  60891.25992
897582  60891.283421
915467  60912.206535
915468  60912.206983
915506  60912.225364
915507  60912.225813
915508  60912.226267
915515  60912.229423
915516  60912.229877
915517  60912.230332
915564  60912.254106
915572  60912.258159
918234  60931.115232
918235  60931.115678
918266  60931.12983
918267  60931.130278
918281  60931.136549
918282  60931.137003
918304  60931.147216
918314  60931.152085
918315  60931.152538
918317  60931.153449
918319  60931.154349
918353  60931.170047
918452  60931.217467
918498  60931.239374
919200  60932.131736
919201  60932.13219
919202  60932.132636
919230  60932.145849
919231  60932.146296
919232  60932.14675
919233  60932.147196
925561  60939.09811
925562  60939.098557
925595  60939.115278
925596  60939.115727
925598  60939.116623
925599  60939.11707
925627  60939.129805
926498  60940.107558
929229  60943.104262
930106  60944.091954
930107  60944.092402
930108  60944.092849
930154  60944.116222
930155  60944.116671
930156  60944.11712
1105087  61188.415663
1105089  61188.416557
1123932  61234.410818
1123933  61234.411266
1123934  61234.411713
1123936  61234.412609
1128846  61242.278417
1128847  61242.278864
1128850  61242.280205
1128851  61242.280651
1128855  61242.282439
1128883  61242.296124
1128884  61242.296571
1128886  61242.297467
1128895  61242.30159
1128896  61242.302039
1128951  61242.327732
1128952  61242.328181
1128953  61242.328631
1128954  61242.32908
1128955  61242.329529
1128957  61242.330434
1128985  61242.34397
1128986  61242.344417
1128987  61242.344866
1128989  61242.345768
1128991  61242.346665
1129095  61242.395685
1129096  61242.396144
1129141  61242.417262
1129142  61242.417716
1129955  61243.313594
1129999  61243.334865
1130000  61243.335319
1132199  61245.392467
1132200  61245.392915
1133021  61246.289405
1133022  61246.289853
1133059  61246.310225
1133060  61246.310678
1144126  61258.320198
1144127  61258.320645
1144129  61258.321541
1144132  61258.322895
1144133  61258.323343
1144149  61258.330705
1144150  61258.331153
1144151  61258.331601
1144164  61258.338676
1144198  61258.354588
1144247  61258.379837
1148991  61263.229448
1148995  61263.231236
1148996  61263.231683
1149037  61263.251647
1149041  61263.253436
1149042  61263.253885
1157475  61274.294424
1157511  61274.311989
1157512  61274.312461
1159427  61276.289845
1159429  61276.29074
1159430  61276.291187
1159431  61276.291635
1159432  61276.292084
1159462  61276.306741
1159463  61276.307193
1159464  61276.307641
1159471  61276.310796
1164840  61285.299861
1164877  61285.319157
1164880  61285.320527
1164881  61285.320976
1164888  61285.324104
1164889  61285.324552
1164907  61285.332661
1164914  61285.335856
1164915  61285.336303
1165608  61286.215485
1165609  61286.215942
1165652  61286.238401
1165653  61286.238862
1165654  61286.239308
1191311  61326.184933
1191354  61326.20533
1195868  61332.044389
1195869  61332.044835
1195872  61332.046181
1195902  61332.062801
1195903  61332.063251
1195909  61332.066092
1195910  61332.066541
1195964  61332.091028
1195965  61332.091478
1195966  61332.091926
1195967  61332.092376
1195968  61332.092823
1196010  61332.11425
1196011  61332.114698
1196012  61332.115145
1196018  61332.118202
1196027  61332.122244
1196031  61332.124057
1196032  61332.124519
1196070  61332.143277
1196081  61332.148242
1196082  61332.148702
1208872  61360.06447
1208924  61360.089621
1216795  61371.101437
1216796  61371.101883
1216801  61371.104117
1216802  61371.104562
1216803  61371.105011
1216825  61371.114926
1216826  61371.115373
1216828  61371.11629
1216831  61371.117638
1216832  61371.118084
1216841  61371.122125
1216842  61371.122572
1371271  61587.412967
1371305  61587.428377
1371306  61587.428826
1375193  61591.320918
1375197  61591.322707
1375198  61591.323153
1375200  61591.324048
1375201  61591.324494
1375202  61591.324941
1375206  61591.326729
1375220  61591.333059
1375222  61591.333955
1375223  61591.334401
1375245  61591.347864
1375246  61591.348314
1375247  61591.348762
1375271  61591.359985
1375272  61591.360435
1375273  61591.360884
1375305  61591.37871
1375306  61591.379158
1375307  61591.379608
1375308  61591.380056
1378309  61597.338539
1378310  61597.338988
1378311  61597.339438
1378312  61597.339887
1378342  61597.353511
1378343  61597.35396
1378344  61597.35441
1378345  61597.354859
1378359  61597.361931
1378384  61597.373339
1380487  61599.390841
1380488  61599.391306
1380532  61599.414377
1380533  61599.414835
1393839  61621.259194
1393840  61621.259641
1393841  61621.260089
1393842  61621.260534
1393854  61621.265939
1393855  61621.266389
1393861  61621.269132
1393879  61621.277381
1393880  61621.277831
1393882  61621.27873
1393887  61621.281037
1393961  61621.315276
1393962  61621.315732
1394009  61621.338179
1394010  61621.338635
1399908  61627.258293
1399909  61627.258742
1399910  61627.259192
1399952  61627.278572
1399953  61627.279021
1399954  61627.279471
1399955  61627.27992
1400088  61627.345492
1400129  61627.366518
1400941  61628.269596
1400942  61628.270045
1400943  61628.270494
1400968  61628.281728
1400969  61628.282177
1400996  61628.295593
1402059  61629.321302
1402062  61629.322664
1402087  61629.33468
1402088  61629.335128
1402089  61629.335581
1402090  61629.336051
1405671  61649.182711
1405672  61649.18316
1405717  61649.203917
1405718  61649.204367
1405727  61649.208452
1406509  61650.134358
1406554  61650.15632
1411321  61655.213514
1411323  61655.214411
1411324  61655.21487
1411363  61655.233179
1411365  61655.234074
1411366  61655.234536
1415182  61674.099427
1415183  61674.099873
1415184  61674.100323
1415186  61674.101218
1415187  61674.101664
1415188  61674.102111
1415216  61674.115581
1415217  61674.116029
1415221  61674.117828
1415227  61674.12058
1415228  61674.121028
1415573  61677.071317
1420686  61683.085565
1420687  61683.086011
1420732  61683.107038
1420831  61683.153601
1420869  61683.171005
1432278  61697.146992
1432288  61697.151492
1432289  61697.15194
1432290  61697.152389
1432292  61697.153287
1432306  61697.159661
1432325  61697.168521
1432326  61697.168971
1432327  61697.169421
1432329  61697.17032
1432426  61697.216324
1432467  61697.235473
1446960  61726.129522
1446962  61726.130416
1446963  61726.130862
1446965  61726.131758
1446999  61726.14724
1447000  61726.14769
1447003  61726.149032
1454767  61738.081658
1454798  61738.095736
1465757  61754.074443
1583592  61925.409375
1583593  61925.409822
1583596  61925.411162
1583597  61925.411611
1583598  61925.412058
1583627  61925.425264
1583628  61925.425713
1591915  61952.32576
1591947  61952.340263
1591974  61952.352659
1591975  61952.353106
1591977  61952.354
1591979  61952.354901
1591980  61952.355349
1592012  61952.370964
1592013  61952.371414
1592016  61952.372762
1592024  61952.376392
1592978  61955.328023
1593024  61955.350136
1593175  61955.419244
1593176  61955.4197
1593177  61955.420162
1605563  61975.277185
1605564  61975.277639
1605565  61975.278085
1605597  61975.294579
1605598  61975.295032
1605599  61975.29548
1609787  61980.349035
1609788  61980.349482
1609790  61980.350379
1609792  61980.351274
1609820  61980.365133
1609822  61980.366028
1609823  61980.366476
1609824  61980.366927
1609825  61980.367376
1609827  61980.368272
1622643  61996.247353
1622644  61996.247803
1622653  61996.251828
1622654  61996.252278
1622655  61996.252728
1622674  61996.26154
1622676  61996.262439
1622677  61996.262888
1622697  61996.273288
1622750  61996.299655
1622751  61996.300102
1622777  61996.312353
1622778  61996.312801
1622792  61996.319155
1622793  61996.319616
1622830  61996.33736
1622831  61996.337818
1622931  61996.385029
1622974  61996.405608
1622975  61996.406062
1627024  62006.175255
1627025  62006.17571
1627058  62006.190908
1627063  62006.193148
1628536  62010.209293
1628537  62010.209743
1628575  62010.228089
1628576  62010.228538
1643693  62034.141579
1643694  62034.142029
1643698  62034.143827
1643719  62034.156169
1643731  62034.163116
1643732  62034.163572
1643733  62034.164021
1646278  62037.1445
1646279  62037.144949
1646280  62037.145401
1646337  62037.175406
1646338  62037.175854
1646339  62037.176303
1649413  62041.132301
1649414  62041.132751
1649415  62041.1332
1649416  62041.133649
1649426  62041.138124
1649434  62041.141844
1649469  62041.161191
1649470  62041.16164
1649573  62041.210301
1649614  62041.229534
1649615  62041.22999
1658624  62052.266121
1658625  62052.266568
1666891  62065.122855
1666892  62065.123315
1666894  62065.124229
1666924  62065.140323
1666927  62065.141707
1666929  62065.142622
1686117  62096.055095
1686118  62096.055544
1686119  62096.055991
1686120  62096.056439
1686152  62096.071675
1686153  62096.072124
1686168  62096.079087
1686178  62096.08395
1686179  62096.084399
1686180  62096.084853
1686181  62096.085312
1686223  62096.104667
1686224  62096.105115
1686227  62096.106486
1695087  62110.103271
1695088  62110.103718
1695089  62110.104165
1695090  62110.104612
1698452  62115.061456
1698453  62115.061905
1698454  62115.062359
1698483  62115.075926
1698484  62115.076381
1698485  62115.076832
1699179  62116.073191
1699180  62116.07364
1699181  62116.074089
1829443  62281.420526
1829445  62281.421421
1829446  62281.421868
1829447  62281.422317
1838280  62301.351608
1838281  62301.352056
1838320  62301.370745
1838324  62301.372535
1838325  62301.372982
1838353  62301.387339
1838354  62301.387788
1838355  62301.388234
1838358  62301.389646
1838360  62301.390569
1838364  62301.392357
1838397  62301.408974
1838398  62301.409423
1838402  62301.411213
1838404  62301.412187
1839422  62302.406836
1839423  62302.407285
1839424  62302.407735
1839425  62302.408189
1839454  62302.423103
1839455  62302.423553
1839456  62302.424002
1839457  62302.424457
1843249  62306.386493
1843250  62306.386946
1843279  62306.400485
1847359  62310.370026
1847392  62310.385239
1847393  62310.385688
1847410  62310.393471
1847411  62310.393926
1847412  62310.394378
1847413  62310.394832
1847443  62310.408695
1847444  62310.409151
1847445  62310.409607
1847446  62310.410061
1847447  62310.410511
1867660  62335.28886
1867661  62335.289306
1867662  62335.289753
1867663  62335.290199
1867666  62335.291545
1867667  62335.291992
1867711  62335.313669
1867712  62335.314119
1867713  62335.314567
1867714  62335.315016
1867715  62335.315465
1867716  62335.31595
1867818  62335.365259
1877362  62352.229876
1877363  62352.230323
1877364  62352.230771
1877402  62352.248793
1877404  62352.249689
1877603  62352.344814
1877656  62352.370663
1888058  62364.294254
1890185  62367.372261
1890186  62367.37271
1890234  62367.396936
1898294  62379.15257
1898295  62379.153016
1898330  62379.169239
1898331  62379.169687
1898335  62379.171476
1898337  62379.172369
1898338  62379.172823
1898339  62379.17327
1898375  62379.189926
1898376  62379.190373
1898377  62379.190822
1898378  62379.191275
1898379  62379.191725
1898428  62379.215129
1898465  62379.232823
1898467  62379.233724
1898503  62379.251829
1898530  62379.264828
1898531  62379.26529
1898574  62379.286677
1898575  62379.287136
1901026  62382.198718
1901076  62382.222177
1901077  62382.222667
1907477  62390.12662
1907478  62390.127067
1907489  62390.132017
1907494  62390.134252
1907495  62390.134706
1907496  62390.135153
1907507  62390.140884
1907508  62390.141332
1907520  62390.146772
1907521  62390.147218
1907523  62390.148113
1907524  62390.148561
1925286  62417.070649
1925287  62417.071095
1925290  62417.072439
1925291  62417.072885
1925317  62417.084622
1925318  62417.085071
1925319  62417.08552
1925333  62417.091916
1925334  62417.092367
1925369  62417.108297
1925374  62417.110829
1926098  62418.05876
1926099  62418.059206
1926101  62418.060099
1926134  62418.075256
1926136  62418.07615
1926137  62418.076596
1926996  62419.09528
1927039  62419.115351
1962160  62480.066058
1962161  62480.066504
1962162  62480.066953
1962184  62480.077198
1962186  62480.078102
1962187  62480.078549
1962188  62480.078996
1962189  62480.079443
1962194  62480.081719
1962209  62480.088552
2092853  62653.409153
2092858  62653.411388
2092867  62653.415446
2092868  62653.415892
2092869  62653.416346
2092870  62653.416793
2094638  62655.419206
2094639  62655.419655
2094642  62655.420999
2094643  62655.421445
2095622  62656.402233
2095623  62656.402681
2095655  62656.417945
2095657  62656.418841
2095671  62656.425199
2095672  62656.425646
2101142  62677.345494
2101143  62677.345941
2101146  62677.347287
2101147  62677.347734
2101149  62677.34863
2101174  62677.360147
2101175  62677.360596
2101178  62677.36194
2101179  62677.362386
2101184  62677.364729
2101220  62677.381287
2101279  62677.408366
2101281  62677.409281
2101316  62677.425918
2103208  62679.343806
2103209  62679.344252
2103212  62679.345593
2103243  62679.360032
2103244  62679.360479
2119319  62707.309794
2119320  62707.310243
2119321  62707.310692
2119322  62707.311142
2119360  62707.328764
2119361  62707.329213
2119362  62707.329662
2121880  62712.234171
2121881  62712.234619
2121928  62712.256331
2121929  62712.256778
2121958  62712.269912
2121991  62712.284837
2121992  62712.285287
2122030  62712.302509
2122953  62716.251286
2122954  62716.251735
2122955  62716.252181
2123002  62716.273953
2123003  62716.274401
2123004  62716.274851
2123005  62716.275301
2142093  62742.172304
2142094  62742.17275
2142097  62742.174091
2142098  62742.17454
2142099  62742.174986
2142140  62742.194316
2142141  62742.194764
2142142  62742.195212
2142146  62742.197015
2142149  62742.198366
2142150  62742.198817
2142163  62742.204821
2142164  62742.205271
2142166  62742.206174
2142205  62742.224553
2142206  62742.225002
2142208  62742.225906
2143017  62743.156291
2143018  62743.156739
2143047  62743.170529
2143048  62743.170978
2143063  62743.178477
2143103  62743.19823
2144981  62745.18473
2144982  62745.185177
2144989  62745.188306
2144990  62745.188755
2158001  62761.299096
2161141  62765.093277
2161142  62765.093724
2161143  62765.09417
2161155  62765.099545
2161166  62765.104499
2161178  62765.110379
2161179  62765.110828
2161183  62765.112616
2161192  62765.116705
2161203  62765.121638
2161233  62765.135343
2162074  62766.125186
2162075  62766.125634
2162076  62766.126081
2162112  62766.143674
2162113  62766.144126
2166862  62773.106638
2166863  62773.107086
2166865  62773.107982
2166894  62773.121169
2166899  62773.123574
2166900  62773.124024
2166901  62773.124475
2166948  62773.147469
2180026  62792.070125
2180027  62792.070574
2180028  62792.071023
2180029  62792.071473
2180034  62792.073725
2180077  62792.094067
2180078  62792.094516
2180079  62792.094965
2180086  62792.09811
2187466  62802.058582
2187517  62802.082831
2211760  62851.067187
2211790  62851.080711
2320855  63019.386832
2320880  63019.398144
2320886  63019.400831
2320905  63019.409409
2320907  63019.410302
2320908  63019.410749
2320911  63019.412095
2320912  63019.412541
2320937  63019.423914
2320938  63019.42436
2320939  63019.424807
2320940  63019.425253
2320943  63019.426599
2326926  63036.37183
2326928  63036.372724
2326929  63036.37317
2326962  63036.388946
2326963  63036.389396
2330050  63043.35847
2330051  63043.358916
2330053  63043.359812
2330054  63043.360258
2330055  63043.360712
2330056  63043.361158
2330081  63043.372492
2330082  63043.372942
2330084  63043.373843
2330087  63043.37522
2330089  63043.376122
2330091  63043.377021
2330092  63043.377471
2330093  63043.377924
2330131  63043.395207
2330132  63043.395662
2330133  63043.396117
2330134  63043.396571
2330166  63043.411092
2330167  63043.411545
2331893  63045.346896
2331933  63045.366503
2334950  63048.377787
2335000  63048.401502
2341112  63062.27829
2341113  63062.278737
2341137  63062.290045
2341150  63062.296303
2341151  63062.296752
2346757  63069.283611
2346782  63069.296277
2348499  63071.274577
2348500  63071.275026
2348501  63071.275476
2348537  63071.292425
2348538  63071.292874
2353960  63079.417577
2366743  63100.171082
2366794  63100.195354
2366798  63100.197143
2366799  63100.197589
2366800  63100.198043
2366801  63100.19849
2366839  63100.216566
2366840  63100.217015
2366841  63100.217464
2366847  63100.220173
2366851  63100.221979
2384609  63128.16329
2384610  63128.163739
2384641  63128.179713
2384649  63128.183567
2384650  63128.184013
2384657  63128.187159
2384660  63128.188518
2384661  63128.188967
2384662  63128.189413
2393135  63144.104042
2393136  63144.104491
2393137  63144.104941
2393167  63144.119177
2393168  63144.119627
2393169  63144.120076
2393171  63144.120975
2393219  63144.143567
2396433  63148.06604
2396434  63148.066487
2396435  63148.066933
2396439  63148.068723
2396440  63148.069172
2396441  63148.069619
2396461  63148.078646
2396462  63148.079093
2396463  63148.079541
2396470  63148.082746
2396471  63148.083196
2396472  63148.083645
2403081  63156.063479
2403082  63156.063928
2403090  63156.067506
2403122  63156.082494
2403123  63156.08295
2403124  63156.083405
2403125  63156.083859
2403126  63156.084308
2405430  63159.021062
2405468  63159.040573
2405470  63159.041504
2437078  63212.078708
2437079  63212.079154
2437080  63212.079601
2437081  63212.080048
2437087  63212.082729
2437088  63212.083176
2437117  63212.096251
159238  59791.226055
159249  59791.230974
159250  59791.231422
159269  59791.242989
159272  59791.244342
159273  59791.244791
172557  59808.282204
172558  59808.282652
172559  59808.283099
172586  59808.295543
172587  59808.295991
172682  59808.340479
172697  59808.347259
172698  59808.347709
172707  59808.351878
175188  59811.19952
175194  59811.2022
175221  59811.214769
175222  59811.215219
177295  59813.305376
180932  59820.283916
182603  59822.167875
182605  59822.168771
182610  59822.171025
182643  59822.186247
182650  59822.189415
198800  59846.069288
198836  59846.088425
198837  59846.088875
198861  59846.100165
198866  59846.102396
198886  59846.11144
198894  59846.115078
199730  59850.019356
214205  59870.093236
214206  59870.093685
215949  59872.149268
215982  59872.167322
232194  59900.098533
232238  59900.118764
368551  60094.399037
368552  60094.399484
368571  60094.408139
368586  60094.415065
368587  60094.415514
368595  60094.419126
368596  60094.419572
369670  60095.421246
370733  60096.414614
370736  60096.415958
370741  60096.418189
382356  60124.32865
382386  60124.342267
392380  60137.27466
392381  60137.275109
392421  60137.293941
392488  60137.325498
393414  60138.272885
393447  60138.287955
397119  60142.299714
397158  60142.319331
397166  60142.323065
411639  60163.204715
411673  60163.222013
411941  60163.353435
411950  60163.357522
411951  60163.357971
411995  60163.379063
411996  60163.379512
412047  60163.403417
412048  60163.403866
412070  60163.414
412071  60163.414447
420401  60179.175516
420428  60179.187597
420442  60179.194066
421364  60180.174851
421366  60180.175746
421398  60180.191146
421401  60180.192486
421402  60180.192936
437160  60207.161243
437169  60207.165294
437206  60207.182496
437207  60207.182961
438218  60208.22974
446288  60222.013349
446649  60222.188526
446745  60222.235179
448419  60225.016499
448463  60225.036824
448465  60225.037721
448496  60225.051672
448497  60225.052122
448498  60225.052607
448513  60225.059489
448573  60225.086911
448608  60225.102729
597921  60466.407046
597925  60466.408834
597943  60466.417433
597951  60466.421133
597955  60466.422962
607626  60491.397173
607662  60491.413962
607663  60491.41441
608469  60492.32064
608470  60492.321088
608498  60492.333988
608499  60492.334437
608501  60492.335329
608541  60492.353929
608585  60492.374112
613380  60497.313131
613383  60497.314472
613390  60497.317596
613414  60497.328701
613418  60497.330507
613583  60497.407372
616466  60500.277942
616509  60500.298167
616510  60500.298618
635559  60528.206703
635560  60528.20715
635562  60528.208044
635566  60528.209833
635591  60528.221767
635592  60528.222213
635594  60528.223109
640964  60534.265095
641026  60534.294521
643349  60537.238173
643390  60537.257754
643391  60537.258203
652314  60547.158428
652334  60547.167887
652345  60547.172857
652350  60547.17519
652351  60547.175635
652369  60547.183952
652370  60547.184406
652374  60547.186193
652402  60547.199169
652403  60547.199622
652408  60547.201861
652424  60547.209214
652440  60547.216466
652442  60547.217368
652463  60547.226849
663748  60566.282457
672170  60579.094983
672173  60579.096328
672178  60579.09856
672218  60579.116977
672223  60579.119254
672224  60579.119703
672269  60579.141499
678303  60586.091244
678304  60586.091693
678349  60586.113319
678350  60586.113768
679138  60587.07881
679173  60587.096899
679179  60587.099618
683485  60592.099755
683524  60592.119771
851991  60823.400292
852006  60823.407135
852007  60823.407583
852019  60823.412968
852972  60824.414951
852974  60824.415846
853994  60825.413271
853995  60825.41372
857219  60830.395127
857220  60830.395573
857261  60830.41541
857266  60830.417701
857280  60830.424279
864295  60847.328222
864327  60847.34308
864352  60847.355036
864358  60847.358045
864393  60847.374483
874230  60863.373416
874246  60863.380682
874247  60863.381129
874281  60863.398156
875365  60864.40214
875366  60864.402589
875367  60864.403035
875396  60864.417223
875397  60864.417672
875402  60864.419969
891392  60885.233304
891393  60885.233759
891420  60885.246136
891421  60885.246591
897533  60891.260369
897583  60891.283877
897584  60891.284327
915469  60912.207433
915470  60912.207882
915472  60912.208786
915509  60912.226716
915510  60912.227165
915513  60912.228517
915514  60912.228966
915571  60912.257698
918233  60931.114785
918236  60931.116124
918237  60931.116579
918264  60931.128938
918265  60931.129384
918268  60931.130724
918269  60931.131178
918361  60931.173885
919190  60932.127259
925517  60939.077095
925557  60939.096322
925559  60939.097217
925560  60939.097663
925563  60939.099003
925594  60939.114832
925597  60939.116172
926425  60940.072799
926426  60940.073247
926464  60940.091315
926468  60940.093103
926497  60940.107087
926532  60940.123059
930105  60944.091507
930153  60944.115772
1105053  61188.397086
1105086  61188.415216
1105090  61188.417004
1123930  61234.409921
1123931  61234.41037
1128845  61242.277971
1128852  61242.281097
1128854  61242.281993
1128882  61242.295674
1128897  61242.302489
1128899  61242.303388
1128948  61242.326385
1128949  61242.326834
1128950  61242.327283
1128958  61242.330897
1128981  61242.34217
1128982  61242.342618
1128983  61242.343064
1128984  61242.343513
1132156  61245.371248
1132198  61245.391969
1133023  61246.290302
1133024  61246.290752
1133061  61246.311127
1133062  61246.311576
1144124  61258.319303
1144125  61258.31975
1144134  61258.323803
1144135  61258.324249
1144152  61258.332047
1144158  61258.335976
1144165  61258.339134
1148997  61263.232159
1157476  61274.294884
1164837  61285.298513
1164838  61285.298962
1164839  61285.299412
1164876  61285.318707
1164879  61285.320081
1164882  61285.321423
1164883  61285.321869
1164887  61285.323657
1164916  61285.336749
1164918  61285.337643
1164919  61285.33809
1164924  61285.340338
1164925  61285.340786
1165601  61286.212292
1165651  61286.237939
1180620  61313.228962
1191310  61326.184479
1191355  61326.205779
1191356  61326.206228
1195870  61332.045284
1195871  61332.045734
1195911  61332.066994
1195912  61332.067443
1196019  61332.118649
1196020  61332.119097
1196030  61332.123596
1196071  61332.143726
1196072  61332.144177
1196078  61332.146881
1196080  61332.147785
1205801  61355.131898
1205842  61355.151617
1208821  61360.041133
1208822  61360.041589
1208850  61360.054328
1208851  61360.054784
1208920  61360.087769
1216800  61371.10367
1216827  61371.11582
1216833  61371.11853
1216834  61371.118987
1357185  61572.375868
1371269  61587.412072
1371270  61587.412519
1371276  61587.415208
1371277  61587.415657
1371303  61587.42748
1371304  61587.427929
1375196  61591.322261
1375203  61591.325386
1375204  61591.325835
1375205  61591.326283
1375221  61591.333506
1375225  61591.335324
1375248  61591.349211
1375249  61591.349662
1375250  61591.350111
1375269  61591.359086
1375270  61591.359536
1375303  61591.377803
1375304  61591.378251
1380531  61599.413919
1393837  61621.258295
1393838  61621.258744
1393843  61621.260984
1393844  61621.261433
1393862  61621.269585
1393863  61621.270034
1393877  61621.276478
1393878  61621.276927
1393895  61621.284715
1393960  61621.314819
1399966  61627.284868
1400090  61627.346684
1400130  61627.366974
1400944  61628.270944
1400945  61628.271392
1400994  61628.294698
1400995  61628.295145
1402051  61629.317409
1402081  61629.331625
1402082  61629.332075
1405670  61649.182263
1405673  61649.18361
1405719  61649.204816
1406508  61650.133911
1406553  61650.155874
1411325  61655.215331
1411326  61655.215779
1411367  61655.234998
1411368  61655.235444
1415125  61674.073229
1415126  61674.073676
1415127  61674.074123
1415128  61674.074577
1415144  61674.081902
1415162  61674.090392
1415163  61674.090841
1415185  61674.100769
1415229  61674.121477
1415561  61677.065936
1420688  61683.086458
1420689  61683.086908
1420733  61683.107492
1420734  61683.107941
1432291  61697.152837
1432328  61697.16987
1432425  61697.215877
1439221  61708.15985
1439269  61708.184244
1446959  61726.129075
1446970  61726.133996
1446997  61726.146344
1454766  61738.081213
1454797  61738.09529
1454799  61738.096224
1583525  61925.37801
1583567  61925.397986
1583569  61925.398881
1583580  61925.403913
1583594  61925.410267
1583595  61925.410716
1583599  61925.412504
1583620  61925.421968
1591914  61952.325313
1591916  61952.326209
1591917  61952.326654
1591945  61952.339367
1591946  61952.339817
1591973  61952.35221
1591978  61952.354449
1592010  61952.370061
1592011  61952.37051
1592025  61952.376845
1592976  61955.32713
1592977  61955.327577
1593023  61955.349686
1593178  61955.420623
1603642  61967.33371
1609791  61980.350827
1609826  61980.367825
1609828  61980.368731
1622794  61996.320062
1622829  61996.336911
1622889  61996.365119
1622890  61996.365569
1622925  61996.382348
1622930  61996.384582
1622932  61996.385477
1622973  61996.405162
1622976  61996.406509
1626982  62006.156011
1627013  62006.170322
1627014  62006.170772
1627026  62006.176157
1627059  62006.191354
1627061  62006.192253
1627062  62006.192702
1628534  62010.20839
1628535  62010.20884
1628574  62010.22763
1643692  62034.141125
1643699  62034.14428
1643730  62034.162658
1646276  62037.143598
1646277  62037.144047
1646330  62037.171548
1646340  62037.17675
1649412  62041.131852
1649489  62041.170968
1649490  62041.171416
1649527  62041.188806
1649528  62041.189252
1649529  62041.189701
1649530  62041.190148
1658623  62052.265675
1666896  62065.125166
1666923  62065.139848
1666925  62065.14078
1674805  62079.053899
1674806  62079.054346
1686115  62096.054198
1686116  62096.054647
1686150  62096.070775
1686151  62096.071225
1686154  62096.072615
1695078  62110.099248
1698456  62115.063268
1698457  62115.063717
1698459  62115.06461
1698486  62115.077289
1698487  62115.077735
1699178  62116.072745
1826110  62277.413336
1826111  62277.413784
1829430  62281.414693
1829431  62281.415141
1829432  62281.415595
1838282  62301.352503
1838321  62301.371192
1838323  62301.372088
1838326  62301.373428
1838352  62301.386894
1838356  62301.388709
1838359  62301.390095
1838405  62301.412637
1839426  62302.408642
1843172  62306.349182
1843173  62306.349636
1843203  62306.363931
1843206  62306.365282
1843248  62306.386012
1843280  62306.400974
1847360  62310.370474
1847361  62310.370924
1847374  62310.376779
1847394  62310.386141
1847395  62310.38659
1847409  62310.393022
1867658  62335.287966
1867659  62335.288414
1867664  62335.290645
1867665  62335.291099
1867708  62335.312315
1867709  62335.312766
1867710  62335.313215
1877361  62352.22943
1877365  62352.231217
1877366  62352.231663
1877401  62352.248345
1877405  62352.250135
1877604  62352.345273
1877657  62352.371116
1890187  62367.37318
1898293  62379.152123
1898296  62379.153463
1898328  62379.168343
1898329  62379.168793
1898334  62379.17103
1898340  62379.173717
1898373  62379.189027
1898374  62379.189476
1898528  62379.263921
1898529  62379.264367
1898573  62379.286221
1898576  62379.287657
1901024  62382.197814
1901025  62382.198269
1901078  62382.223116
1907447  62390.112597
1907448  62390.113044
1907476  62390.126174
1907497  62390.135599
1907517  62390.145421
1907518  62390.14587
1907519  62390.146324
1925288  62417.071541
1925322  62417.086922
1925323  62417.087371
1925332  62417.091466
1926068  62418.045089
1926069  62418.045537
1926093  62418.056487
1926097  62418.058314
1926102  62418.060555
1926133  62418.0748
1926138  62418.077046
1926183  62418.097949
1926882  62419.041943
1962154  62480.063376
1962159  62480.065612
1962192  62480.080824
1962193  62480.08127
1962206  62480.087196
2092803  62653.386203
2092804  62653.386651
2092837  62653.401947
2092859  62653.411835
2092860  62653.412281
2092866  62653.415
2092871  62653.417238
2094637  62655.418759
2094640  62655.420101
2094641  62655.420551
2095621  62656.401787
2095624  62656.403126
2095656  62656.418392
2095670  62656.424748
2101141  62677.345047
2101144  62677.346387
2101173  62677.359699
2101176  62677.361042
2101177  62677.361491
2101183  62677.364281
2101185  62677.365179
2101186  62677.365628
2101189  62677.366982
2101221  62677.381736
2101222  62677.382186
2101226  62677.384033
2103170  62679.325934
2103203  62679.34145
2117464  62704.247962
2117465  62704.24841
2117498  62704.263816
2119323  62707.311591
2119324  62707.312046
2119364  62707.330567
2119365  62707.331014
2121857  62712.223836
2142095  62742.173196
2142096  62742.173645
2142100  62742.175433
2142102  62742.17633
2142143  62742.195662
2142144  62742.196111
2142151  62742.199302
2142152  62742.199752
2142161  62742.203922
2142162  62742.204372
2142203  62742.223656
2142204  62742.224104
2143019  62743.157185
2143049  62743.171424
2143061  62743.177576
2143062  62743.178029
2143079  62743.186958
2143083  62743.18883
2143084  62743.189283
2143085  62743.189732
2144979  62745.18383
2144980  62745.18428
2158007  62761.301793
2158036  62761.315606
2161137  62765.091488
2161144  62765.094616
2161145  62765.095064
2161154  62765.099098
2161180  62765.111274
2161181  62765.111721
2161182  62765.11217
2161204  62765.122094
2161205  62765.122544
2161234  62765.135798
2161235  62765.136248
2166902  62773.124963
2166949  62773.14796
2180032  62792.072826
2180033  62792.073276
2180035  62792.07418
2180082  62792.096319
2180084  62792.097215
2180085  62792.097662
2196090  62821.13759
2196112  62821.149679
2196113  62821.150128
2211761  62851.067634
2211762  62851.06808
2320852  63019.385489
2320853  63019.385938
2320854  63019.386385
2320881  63019.398591
2320884  63019.399937
2320885  63019.400383
2320904  63019.408963
2320909  63019.411194
2320910  63019.411648
2320917  63019.414778
2320936  63019.423466
2320941  63019.4257
2320942  63019.42615
2326924  63036.370936
2326925  63036.371384
2326930  63036.373616
2326965  63036.390299
2330052  63043.359363
2330057  63043.361607
2330090  63043.376572
2331879  63045.340597
2331880  63045.341046
2331881  63045.3415
2331894  63045.347353
2331920  63045.360613
2331922  63045.361516
2334951  63048.378272
2334999  63048.401026
2341092  63062.268776
2341104  63062.274629
2341146  63062.294498
2341147  63062.294944
2341148  63062.295393
2341149  63062.295847
2366795  63100.1958
2366797  63100.196697
2366802  63100.198937
2366804  63100.199875
2366842  63100.217913
2366843  63100.218363
2366844  63100.218812
2366846  63100.219719
2384606  63128.161943
2384607  63128.162392
2384608  63128.162841
2384639  63128.178817
2384640  63128.179264
2384642  63128.180192
2384651  63128.184461
2384652  63128.184908
2393128  63144.100883
2393129  63144.101332
2393130  63144.101782
2393131  63144.102232
2393162  63144.116891
2393163  63144.11734
2393164  63144.117789
2396438  63148.068277
2396460  63148.078197
2396469  63148.082297
2403080  63156.063026
2403091  63156.067959
2403092  63156.068413
2403127  63156.084811
2403128  63156.085266
2437077  63212.078262
