151687  59783.28684
151723  59783.303526
151744  59783.313684
151754  59783.318208
151755  59783.318663
151779  59783.329764
151788  59783.333837
151789  59783.334293
151859  59783.366376
152838  59784.335865
152883  59784.356595
152884  59784.357043
152973  59784.399295
157669  59789.335803
157701  59789.350283
157703  59789.351177
157704  59789.351625
157734  59789.365552
157735  59789.365999
157736  59789.366447
157737  59789.366894
157798  59789.397461
176140  59812.206407
176141  59812.206853
176142  59812.2073
176143  59812.207747
176188  59812.232192
176190  59812.233091
176191  59812.233576
176196  59812.235808
177946  59817.213285
191811  59837.118329
191820  59837.12236
191821  59837.122808
191824  59837.124154
191825  59837.1246
195351  59842.112801
195352  59842.113248
195356  59842.115035
195360  59842.116823
195380  59842.125875
195381  59842.12632
195384  59842.127663
195385  59842.12811
195396  59842.133183
195406  59842.137721
195408  59842.138618
195409  59842.139072
195449  59842.157412
195450  59842.157866
195452  59842.158779
197037  59844.074603
197049  59844.07994
198049  59845.141588
211813  59867.090082
222079  59880.044844
222112  59880.059942
222155  59880.079589
222156  59880.080035
222158  59880.08093
222184  59880.093055
222188  59880.094846
222189  59880.095293
222190  59880.09574
222381  59880.191777
375623  60111.362496
375650  60111.37491
375651  60111.375356
375656  60111.377593
375657  60111.37804
375658  60111.378487
375659  60111.378933
375674  60111.385793
375680  60111.388501
375684  60111.390337
375685  60111.390783
375687  60111.39168
375688  60111.392126
375705  60111.399986
375748  60111.419688
380253  60122.329712
380254  60122.330159
380289  60122.346684
380293  60122.348473
398140  60143.294301
398141  60143.294748
398145  60143.296539
398146  60143.296984
398165  60143.305532
398176  60143.310705
398193  60143.318388
398236  60143.33852
398237  60143.33897
398282  60143.360119
398283  60143.360575
398284  60143.361021
398307  60143.371534
398308  60143.37199
398309  60143.37245
398356  60143.394557
401518  60147.347314
401526  60147.350958
401560  60147.368151
401561  60147.368617
402354  60148.254624
402405  60148.278697
402427  60148.289099
402428  60148.289546
402431  60148.290893
402432  60148.291339
402451  60148.300745
403915  60150.256203
403916  60150.256649
403917  60150.257096
403918  60150.257544
403941  60150.268044
403942  60150.268492
403943  60150.26894
403944  60150.269387
403952  60150.273011
403981  60150.286397
403982  60150.286845
404354  60151.255376
404392  60151.273667
414617  60166.217587
414618  60166.218034
414619  60166.218482
414623  60166.220269
414660  60166.238112
414661  60166.238558
414662  60166.239008
414664  60166.239905
434629  60202.125737
434630  60202.126184
434669  60202.144653
434670  60202.1451
434679  60202.149155
434680  60202.149604
434687  60202.152732
434688  60202.153182
434707  60202.162971
434709  60202.163877
434715  60202.166781
434716  60202.16723
438867  60209.103072
438868  60209.103518
438869  60209.103965
438905  60209.120825
438906  60209.121273
438907  60209.121718
450540  60228.100709
450541  60228.101161
450542  60228.10161
450580  60228.118839
450581  60228.11929
450582  60228.119739
595741  60464.384186
595783  60464.403809
598968  60467.397355
598970  60467.398248
598971  60467.398695
599011  60467.417938
599012  60467.418384
599013  60467.418832
599014  60467.419279
610699  60494.389419
610701  60494.390317
610702  60494.390762
610746  60494.410988
610747  60494.411437
610748  60494.411884
612342  60496.315145
612377  60496.331197
612378  60496.331643
620695  60505.301925
620699  60505.303715
620700  60505.304161
620732  60505.31898
620733  60505.319426
620735  60505.320326
620736  60505.320774
620749  60505.326833
620752  60505.328196
620754  60505.3291
620755  60505.32955
620787  60505.344775
620788  60505.34523
620790  60505.346134
620794  60505.347952
620808  60505.354596
632199  60520.264852
632200  60520.265299
632205  60520.267533
632228  60520.278755
632229  60520.279204
632230  60520.279654
638627  60531.237407
638628  60531.237853
638660  60531.25303
638672  60531.258556
638674  60531.259458
638675  60531.259911
638727  60531.284508
638729  60531.285407
638740  60531.291019
639575  60532.210296
639576  60532.210743
639579  60532.212084
639614  60532.228332
639615  60532.228781
639617  60532.229676
641896  60535.237073
641897  60535.237521
641938  60535.256516
641939  60535.256969
641951  60535.262421
656195  60553.185201
656196  60553.185649
656226  60553.199482
656227  60553.199935
656229  60553.200841
656254  60553.212327
656299  60553.23458
656307  60553.238247
673102  60580.115646
673103  60580.116096
673104  60580.116545
673147  60580.136622
673148  60580.137074
673149  60580.137524
681779  60590.109411
681780  60590.109861
681781  60590.11031
681814  60590.12639
681815  60590.126839
681816  60590.127288
681818  60590.128186
681838  60590.137228
681839  60590.137692
681872  60590.153174
693630  60605.021352
693631  60605.021799
693634  60605.023139
693635  60605.023586
693639  60605.025373
693640  60605.025825
693656  60605.033043
693657  60605.033489
693665  60605.037138
693666  60605.037583
693668  60605.038477
693670  60605.039384
703254  60617.051011
703313  60617.080849
703403  60617.123679
723211  60649.108129
851241  60822.418915
851242  60822.419362
868352  60853.329243
868353  60853.32969
868354  60853.330137
868367  60853.335964
868384  60853.343808
868388  60853.345595
868401  60853.351488
868441  60853.369808
868449  60853.373535
868450  60853.373985
868485  60853.390223
868488  60853.391626
868525  60853.40906
870041  60859.375868
870043  60859.376764
870080  60859.394218
870081  60859.394678
889310  60882.342343
889311  60882.342791
889312  60882.343238
889314  60882.344135
889321  60882.347278
889349  60882.360995
889351  60882.361891
889352  60882.362339
889353  60882.362786
889361  60882.366506
889362  60882.366953
890550  60884.317181
890551  60884.31763
890552  60884.318079
890580  60884.330741
890595  60884.33819
890596  60884.338638
892445  60886.24292
892463  60886.251018
892465  60886.251911
892466  60886.252357
892469  60886.253703
892470  60886.25415
892474  60886.255939
892487  60886.261768
892498  60886.266881
892499  60886.267327
892502  60886.268678
892503  60886.269125
892519  60886.276484
892520  60886.276937
892557  60886.293775
892558  60886.294229
895427  60889.221165
895454  60889.236435
895467  60889.24288
895473  60889.245567
895475  60889.24646
895476  60889.246907
895511  60889.263258
895512  60889.263704
895514  60889.264602
907621  60903.205147
907622  60903.205593
907625  60903.206939
907626  60903.207386
907627  60903.207834
907664  60903.22515
907665  60903.225597
907666  60903.226047
907667  60903.226493
907668  60903.226941
907669  60903.227388
910511  60906.184144
910534  60906.194542
910556  60906.20479
910576  60906.213923
916314  60913.155616
916352  60913.173509
916382  60913.187221
916384  60913.188114
916419  60913.204388
921941  60935.123775
921942  60935.124222
921946  60935.126012
921947  60935.126458
921951  60935.128251
921974  60935.138731
921976  60935.139629
921977  60935.140076
921978  60935.140529
921980  60935.141452
924674  60938.108452
924708  60938.124159
928284  60942.08835
928285  60942.088797
928286  60942.089244
928326  60942.109188
928327  60942.109638
928328  60942.110086
928329  60942.110532
928384  60942.136465
931000  60945.093606
931001  60945.094052
931006  60945.09629
931052  60945.119051
931057  60945.121338
943703  60962.034645
943704  60962.035094
943729  60962.046641
943730  60962.047091
943764  60962.062664
1103978  61187.384611
1104034  61187.411239
1120542  61231.307013
1120582  61231.32679
1121579  61232.307245
1121593  61232.31385
1121594  61232.314299
1121597  61232.315647
1121621  61232.326924
1121632  61232.332042
1121633  61232.332491
1121634  61232.332942
1121635  61232.333391
1121639  61232.335295
1126783  61238.273514
1126784  61238.273961
1126788  61238.275751
1126789  61238.276197
1126822  61238.291305
1126823  61238.291751
1126828  61238.294053
1126829  61238.294501
1144912  61259.213803
1144913  61259.21425
1144954  61259.233694
1144955  61259.23414
1145984  61260.244765
1145985  61260.245211
1145990  61260.247462
1146023  61260.2626
1146024  61260.263049
1146025  61260.263498
1146026  61260.263948
1149940  61265.202506
1149941  61265.202953
1149942  61265.2034
1149982  61265.2235
1149983  61265.223949
1149984  61265.224398
1149987  61265.225745
1149988  61265.226192
1150036  61265.249516
1150037  61265.249969
1152003  61267.217322
1152035  61267.231934
1152044  61267.235987
1152072  61267.248645
1152074  61267.249617
1154865  61271.17733
1154905  61271.196011
1154917  61271.201435
1154920  61271.202774
1154921  61271.203223
1154951  61271.217083
1154953  61271.217979
1154954  61271.218428
1156318  61273.211696
1156319  61273.212145
1156320  61273.212591
1156358  61273.230123
1156359  61273.230572
1156360  61273.231027
1182020  61315.066137
1182022  61315.067032
1182023  61315.067479
1182024  61315.067926
1182033  61315.072
1182060  61315.084427
1182061  61315.084876
1182063  61315.085833
1182066  61315.087207
1182111  61315.108792
1182112  61315.109241
1182113  61315.10969
1182147  61315.126106
1182148  61315.12656
1182149  61315.127009
1182953  61316.105673
1182954  61316.106123
1182960  61316.108808
1182990  61316.122613
1182991  61316.123062
1182992  61316.123516
1183001  61316.127915
1184664  61318.096494
1184665  61318.096944
1184706  61318.1209
1184716  61318.125598
1190595  61325.114375
1190648  61325.142182
1192640  61328.030429
1192680  61328.049182
1192690  61328.05366
1192691  61328.054109
1192694  61328.055486
1192735  61328.074377
1192736  61328.074826
1192739  61328.076227
1218993  61374.12982
1218994  61374.130268
1224588  61383.080065
1224589  61383.080512
1224592  61383.081853
1224593  61383.082299
1224594  61383.082747
1224630  61383.099757
1224631  61383.100205
1370065  61586.341718
1370132  61586.37338
1370133  61586.37383
1370134  61586.374279
1370167  61586.390058
1370168  61586.390507
1370169  61586.390957
1374335  61590.396665
1374336  61590.397114
1374337  61590.39756
1374338  61590.39802
1374340  61590.398916
1374373  61590.415053
1374374  61590.415501
1374375  61590.415949
1374377  61590.416845
1374379  61590.41774
1380350  61599.322525
1380351  61599.322973
1380352  61599.323421
1380358  61599.326102
1380359  61599.326551
1380360  61599.327001
1380379  61599.33571
1380380  61599.336161
1380387  61599.339295
1380419  61599.356528
1380420  61599.356978
1380443  61599.368122
1380493  61599.394913
1389733  61616.260493
1389737  61616.262283
1389738  61616.262729
1389739  61616.263183
1389740  61616.263629
1389768  61616.276649
1389769  61616.277098
1389784  61616.283939
1389785  61616.28439
1389786  61616.284843
1389787  61616.285293
1389822  61616.301367
1389823  61616.301816
1389824  61616.302271
1389825  61616.302725
1389858  61616.318631
1389861  61616.320242
1389862  61616.320701
1392801  61619.242521
1392802  61619.242968
1392827  61619.254321
1392843  61619.261498
1392872  61619.274603
1395779  61623.211051
1395811  61623.225771
1395834  61623.236419
1395836  61623.237315
1395837  61623.237761
1395864  61623.250173
1395866  61623.251071
1395867  61623.251517
1396913  61624.264512
1396953  61624.28373
1408406  61652.157475
1408440  61652.174067
1408441  61652.174514
1408448  61652.177641
1408449  61652.178091
1408450  61652.178538
1408468  61652.186658
1408477  61652.190783
1408478  61652.191232
1408479  61652.191681
1408480  61652.192131
1408504  61652.203162
1408537  61652.218649
1418134  61680.091132
1418135  61680.091578
1418137  61680.092474
1418138  61680.09292
1418140  61680.09382
1418164  61680.104957
1418165  61680.105406
1418166  61680.105854
1418168  61680.106757
1418171  61680.108119
1418187  61680.115383
1418236  61680.137943
1418237  61680.138393
1418947  61681.072961
1418948  61681.073409
1418951  61681.074755
1418965  61681.081031
1418970  61681.083413
1418979  61681.087848
1418982  61681.089198
1418990  61681.092915
1418996  61681.0956
1418997  61681.096048
1419023  61681.108168
1419061  61681.12607
1432928  61698.062061
1432929  61698.062511
1432960  61698.076844
1432961  61698.077293
1432974  61698.084271
1432975  61698.084727
1433019  61698.105442
1433020  61698.105898
1441395  61711.16966
1441396  61711.17011
1441427  61711.186233
1441428  61711.186681
1454090  61737.100164
1454091  61737.100609
1454094  61737.101955
1454095  61737.102401
1454123  61737.115399
1454124  61737.115845
1454127  61737.11719
1456212  61740.100741
1456235  61740.111741
1456838  61741.080532
1456875  61741.09941
1590003  61947.372304
1590004  61947.372753
1590005  61947.373203
1590043  61947.39268
1590044  61947.39313
1590045  61947.393582
1590046  61947.394031
1590047  61947.394486
1606567  61976.284629
1606570  61976.285969
1606590  61976.29495
1606591  61976.295406
1606593  61976.296302
1606594  61976.296751
1606646  61976.325725
1606647  61976.326174
1606648  61976.326622
1606679  61976.344292
1606683  61976.346119
1606684  61976.346566
1606703  61976.355283
1606704  61976.355731
1606705  61976.35618
1606706  61976.356627
1606751  61976.381667
1606755  61976.383469
1607792  61978.396153
1607841  61978.420043
1608580  61979.275443
1608581  61979.275889
1608582  61979.276339
1608615  61979.292301
1608621  61979.29499
1608628  61979.298264
1608629  61979.298714
1610591  61981.242416
1610621  61981.256292
1610781  61981.330979
1611609  61982.241613
1611645  61982.259531
1611656  61982.2652
1611659  61982.266539
1611660  61982.266989
1611683  61982.279799
1611684  61982.280249
1611686  61982.281145
1611687  61982.281595
1629702  62011.304909
1629703  62011.305359
1629704  62011.305808
1629725  62011.315655
1629732  62011.318955
1629733  62011.319406
1629734  62011.319855
1629755  62011.329365
1639209  62029.166753
1639211  62029.167652
1639212  62029.168101
1639213  62029.168551
1639243  62029.18271
1639245  62029.183608
1639246  62029.184057
1639247  62029.184505
1639262  62029.191236
1639263  62029.191692
1640029  62030.12257
1640074  62030.144801
1640125  62030.169322
1640126  62030.169777
1640173  62030.192516
1640174  62030.192976
1644519  62035.127238
1644521  62035.128136
1644522  62035.128583
1644523  62035.129036
1644553  62035.142754
1644560  62035.146015
1644561  62035.146464
1644562  62035.146914
1659087  62053.083508
1659885  62054.061279
1659888  62054.062618
1659891  62054.063965
1659892  62054.064412
1659911  62054.072937
1659913  62054.073834
1659914  62054.074281
1659921  62054.077473
1659922  62054.077922
1661411  62056.076255
1661472  62056.104738
1661475  62056.106105
1661476  62056.106554
1661477  62056.107003
1662355  62057.144521
1662369  62057.1524
1662386  62057.160433
1662398  62057.167304
1678834  62084.149806
1678836  62084.150702
1678837  62084.151148
1678865  62084.164746
1678872  62084.167901
1678873  62084.16838
1680205  62087.099998
1680206  62087.100454
1680207  62087.100909
1680237  62087.116571
1680238  62087.117022
1680239  62087.117476
1697077  62113.056147
1697078  62113.056596
1697081  62113.057941
1697082  62113.05839
1697104  62113.068372
1697105  62113.068818
1697106  62113.069267
1697110  62113.071053
1697189  62113.107585
1705067  62125.061378
1705068  62125.061825
1705069  62125.062272
1705070  62125.062721
1705071  62125.063169
1840351  62303.352344
1840380  62303.3656
1840412  62303.380315
1840416  62303.382106
1840417  62303.382552
1840418  62303.383005
1840446  62303.396048
1840449  62303.397418
1840450  62303.397868
1856224  62324.313421
1856225  62324.313868
1856230  62324.316104
1856231  62324.316551
1856254  62324.326998
1856255  62324.327446
1856258  62324.328794
1856259  62324.32924
1856273  62324.335615
1856276  62324.337012
1856298  62324.347879
1856299  62324.348333
1856312  62324.35433
1856357  62324.375221
1856382  62324.386995
1856383  62324.387451
1856397  62324.393878
1856398  62324.394327
1856416  62324.403259
1861429  62329.288977
1861430  62329.289424
1861474  62329.31163
1861475  62329.31208
1866577  62334.269308
1866616  62334.288375
1875359  62350.231325
1875360  62350.231772
1875361  62350.232219
1875389  62350.24482
1875390  62350.245269
1875563  62350.326369
1879432  62354.27337
1879433  62354.273819
1879469  62354.292324
1879470  62354.292772
1879472  62354.293712
1879514  62354.313208
1883920  62360.199677
1883942  62360.209725
1883944  62360.210651
1883945  62360.211099
1883974  62360.224135
1883977  62360.225486
1883978  62360.225935
1883979  62360.22638
1883980  62360.226834
1884011  62360.241501
1884012  62360.241954
1884013  62360.242403
1884049  62360.259752
1885861  62362.190508
1885907  62362.2141
1886956  62363.239937
1887010  62363.265053
1887011  62363.265502
1908517  62391.170844
1908550  62391.186741
1908551  62391.187191
1908604  62391.211648
1908605  62391.212096
1908651  62391.233766
1908658  62391.236953
1908699  62391.256383
1909948  62394.11331
1909956  62394.116887
1909957  62394.117334
1909958  62394.117782
1909959  62394.118239
1909978  62394.12679
1909979  62394.127236
1909982  62394.128578
1909983  62394.129024
1909988  62394.131272
1910010  62394.141223
1910045  62394.157374
1910583  62395.19255
1910584  62395.192999
1910585  62395.193445
1910628  62395.213471
1910629  62395.213919
1910630  62395.214367
1918194  62408.190065
1918195  62408.190512
1918196  62408.19096
1922019  62413.109756
1922070  62413.132884
1922178  62413.189258
1922209  62413.20501
1922210  62413.205466
1927786  62420.069317
1927810  62420.082694
1927811  62420.083143
1927812  62420.083592
1927818  62420.086274
1927819  62420.086725
1927820  62420.087175
1927821  62420.087629
1927854  62420.103978
1927855  62420.10443
1927856  62420.104879
1927857  62420.105334
1939152  62436.060357
1939198  62436.083101
1960826  62478.08756
1960828  62478.088454
1960829  62478.088901
1960861  62478.104578
2090846  62651.406859
2090847  62651.407306
2091880  62652.412548
2091885  62652.414783
2091886  62652.415229
2108432  62686.330973
2108433  62686.33142
2108436  62686.332762
2108443  62686.335895
2108489  62686.361281
2108490  62686.361732
2108491  62686.362181
2108496  62686.364445
2108511  62686.371243
2108512  62686.371693
2108547  62686.390763
2108548  62686.391212
2108549  62686.391659
2108577  62686.404258
2108578  62686.404705
2109394  62687.304045
2109395  62687.304492
2109429  62687.319801
2109430  62687.320248
2109434  62687.322037
2109545  62687.373908
2109546  62687.374357
2109547  62687.374806
2109548  62687.375255
2109549  62687.375705
2109554  62687.377958
2109586  62687.39353
2109587  62687.393976
2109588  62687.394425
2109591  62687.395779
2109658  62687.426932
2109659  62687.427388
2111506  62689.315183
2111522  62689.322638
2111523  62689.323084
2111524  62689.323538
2111525  62689.323985
2111526  62689.324437
2111531  62689.326674
2111556  62689.338753
2111557  62689.339201
2111558  62689.339654
2111559  62689.340102
2111596  62689.357177
2111620  62689.368871
2111621  62689.369326
2111649  62689.38318
2127166  62722.325608
2127211  62722.346417
2127233  62722.356982
2127285  62722.382521
2127287  62722.383419
2127288  62722.383868
2127334  62722.406578
2127337  62722.407921
2127339  62722.40894
2133816  62733.174613
2133849  62733.189801
2133868  62733.198444
2133869  62733.198891
2133870  62733.199338
2133871  62733.199784
2133874  62733.20113
2133875  62733.201576
2133899  62733.213824
2133904  62733.216085
2133905  62733.216532
2133910  62733.218768
2133911  62733.219217
2133920  62733.223276
2133921  62733.223726
2133923  62733.224623
2133924  62733.225072
2133972  62733.248375
2133973  62733.248824
2133974  62733.249273
2134939  62734.239425
2134940  62734.239874
2134941  62734.240324
2134942  62734.240775
2134943  62734.241225
2134980  62734.2604
2134981  62734.260849
2134982  62734.261299
2134983  62734.261748
2139198  62739.174188
2139199  62739.174635
2139231  62739.189089
2157621  62761.115022
2157650  62761.128506
2159367  62763.091839
2159411  62763.112005
2159615  62763.204811
2159636  62763.214411
2159637  62763.214872
2159651  62763.221551
2159653  62763.222449
2159677  62763.23386
2159678  62763.234319
2160472  62764.194153
2160473  62764.194601
2160474  62764.195048
2160476  62764.195944
2160477  62764.1964
2160517  62764.216865
2160518  62764.217312
2160521  62764.218655
2160522  62764.219112
2170354  62778.047738
2170387  62778.062873
2178503  62790.126923
2178531  62790.140387
2178532  62790.140835
2178533  62790.141283
2182499  62795.183852
2182500  62795.184301
2182501  62795.18475
2182549  62795.209072
2182550  62795.209518
2182995  62796.034422
2182996  62796.034868
2182997  62796.035315
2183035  62796.053192
2183036  62796.053642
2186671  62801.055866
2186700  62801.069736
2186701  62801.070187
2201908  62832.124581
2201909  62832.125028
2201911  62832.125946
2317377  63015.412628
2317378  63015.413075
2317385  63015.416204
2317386  63015.416651
2325889  63033.396574
2325890  63033.397022
2325897  63033.40015
2325898  63033.4006
2325899  63033.401048
2325924  63033.41396
2325925  63033.414415
2325935  63033.418978
2325936  63033.419427
2325937  63033.419877
2326095  63034.357596
2326096  63034.358043
2326098  63034.358938
2326128  63034.373002
2326129  63034.373451
2326135  63034.376137
2326139  63034.377931
2326140  63034.378377
2326164  63034.38942
2326167  63034.390769
2326168  63034.391216
2327872  63037.338686
2327902  63037.352371
2327903  63037.35282
2327918  63037.359672
2327919  63037.360118
2327920  63037.360565
2327933  63037.366388
2327934  63037.366837
2327935  63037.367294
2327942  63037.370483
2327960  63037.378778
2327961  63037.379228
2343737  63066.297263
2343738  63066.297709
2343739  63066.298156
2343767  63066.313263
2343768  63066.313712
2360890  63088.321233
2360935  63088.342623
2360936  63088.343076
2360938  63088.343984
2360940  63088.344882
2360941  63088.345331
2360942  63088.34578
2360973  63088.361467
2360974  63088.361916
2360976  63088.362816
2360977  63088.363301
2361092  63088.419347
2364592  63095.179183
2364631  63095.197492
2365142  63096.207983
2365143  63096.208429
2365145  63096.209323
2365146  63096.209772
2365147  63096.210218
2365184  63096.228391
2365185  63096.228839
2365186  63096.229289
2365187  63096.229737
2365189  63096.230637
2377744  63118.189468
2377745  63118.189917
2377746  63118.190367
2377747  63118.190816
2377786  63118.208719
2377787  63118.209168
2377788  63118.209614
2377817  63118.223711
2377818  63118.22416
2377851  63118.23923
2380076  63122.16805
2380077  63122.1685
2380078  63122.168951
2380122  63122.190667
2380123  63122.191116
2380860  63123.106551
2380900  63123.125205
2380906  63123.127952
2380907  63123.128399
2380910  63123.129739
2380911  63123.130188
2380947  63123.147514
2380948  63123.147961
2380950  63123.148855
2380951  63123.149306
2380954  63123.150648
2382708  63125.120833
2382710  63125.121729
2382753  63125.141396
2394822  63146.100421
2394823  63146.100873
2394825  63146.101774
2394829  63146.103613
2394865  63146.120724
2394866  63146.121176
2394867  63146.121624
2394871  63146.123441
2394873  63146.124614
2398153  63150.087776
2398182  63150.103539
2398183  63150.103988
2422355  63189.137966
2422356  63189.138413
2434332  63207.078283
2434337  63207.080545
2434338  63207.080995
2434340  63207.081891
2434341  63207.082337
2434377  63207.098922
2434378  63207.099369
2434379  63207.099816
151688  59783.287288
151724  59783.303978
151725  59783.304427
151757  59783.319559
151758  59783.320008
151787  59783.333388
151790  59783.334753
155826  59787.316144
155827  59787.316593
155828  59787.317041
157846  59789.42313
160994  59796.402597
176139  59812.205959
176144  59812.208194
176145  59812.208643
176182  59812.229211
176183  59812.229662
176184  59812.230111
177987  59817.234277
191819  59837.121914
191822  59837.123253
191823  59837.123707
195350  59842.112355
195358  59842.11593
195359  59842.116377
195373  59842.122737
195379  59842.125426
195386  59842.12856
195395  59842.132733
195407  59842.13817
201516  59853.159669
201517  59853.160117
201563  59853.184221
222157  59880.080483
222160  59880.081826
222186  59880.093951
222187  59880.094398
375605  60111.354261
375606  60111.354708
375613  60111.357841
375620  60111.361154
375636  60111.368595
375637  60111.369045
375638  60111.36949
375639  60111.369939
375652  60111.375802
375655  60111.377147
375660  60111.379379
375679  60111.388054
375686  60111.391231
375689  60111.392605
375712  60111.403216
377623  60119.328358
377625  60119.329254
377657  60119.343947
377659  60119.344843
380251  60122.328819
380252  60122.329265
380255  60122.330605
380290  60122.34713
380291  60122.347578
380292  60122.348027
398142  60143.295194
398164  60143.305083
402355  60148.255072
402387  60148.270611
402406  60148.279143
402430  60148.290445
402450  60148.300291
403149  60149.242849
403150  60149.243298
403163  60149.249142
403203  60149.267481
403907  60150.252588
403932  60150.263969
404355  60151.255822
414616  60166.21714
414620  60166.218928
414659  60166.237662
414663  60166.239455
414665  60166.240353
414670  60166.2426
434555  60202.092115
434556  60202.092563
434588  60202.107209
434632  60202.127078
434671  60202.145549
434675  60202.147353
434676  60202.147802
434705  60202.16207
434706  60202.162519
434708  60202.163421
438871  60209.104859
438908  60209.122167
438910  60209.123067
447185  60223.03155
595742  60464.384633
595747  60464.386869
595748  60464.387316
595782  60464.403363
595795  60464.409315
595796  60464.409764
598966  60467.396449
598967  60467.396899
599010  60467.417483
612334  60496.311214
612341  60496.314698
612368  60496.326923
612376  60496.330751
620696  60505.302371
620697  60505.302819
620734  60505.319876
620737  60505.321257
620750  60505.327286
620751  60505.32774
620753  60505.328645
620792  60505.347038
620793  60505.347494
620854  60505.376005
632196  60520.263506
632198  60520.264405
632233  60520.281057
632267  60520.297479
632274  60520.300623
638531  60531.191575
638566  60531.208772
638640  60531.243412
638673  60531.259006
638728  60531.284958
638738  60531.290125
639577  60532.21119
639578  60532.211638
639616  60532.229227
639618  60532.230123
641898  60535.23797
641899  60535.23842
641940  60535.257419
641941  60535.257868
656197  60553.186099
656228  60553.200384
674093  60581.16735
681768  60590.104435
681769  60590.104885
681770  60590.105334
681791  60590.11492
681792  60590.115369
681841  60590.138586
681842  60590.139034
681882  60590.157876
693629  60605.020906
693636  60605.024031
693638  60605.024927
693659  60605.034438
693669  60605.038925
700132  60613.069359
851239  60822.418023
851240  60822.418469
851243  60822.419808
868355  60853.330583
868356  60853.331031
868357  60853.331477
868366  60853.335517
868385  60853.344254
868386  60853.344701
868387  60853.34515
868402  60853.351936
868442  60853.37026
868443  60853.370717
868444  60853.371166
868486  60853.390725
868487  60853.391174
868526  60853.409509
869893  60859.308891
869894  60859.309339
869934  60859.328121
869935  60859.328571
889242  60882.310013
889285  60882.330624
889318  60882.345927
889319  60882.346383
889356  60882.364234
889359  60882.365591
889360  60882.366046
892462  60886.250571
892467  60886.252803
892468  60886.253257
892497  60886.266425
892500  60886.267775
895426  60889.220717
895428  60889.221612
895466  60889.242434
895468  60889.24333
895472  60889.245121
895477  60889.247352
895513  60889.264153
907623  60903.206039
907624  60903.206493
907660  60903.223229
907670  60903.227838
910386  60906.126903
910509  60906.18325
910510  60906.183698
910512  60906.18459
910531  60906.193174
910555  60906.204344
910572  60906.212132
916315  60913.156063
921943  60935.124668
921945  60935.125565
921975  60935.13918
921981  60935.141938
924681  60938.111613
924714  60938.126893
924715  60938.127343
924716  60938.127796
928281  60942.087008
931002  60945.094498
931004  60945.095394
931005  60945.095844
931053  60945.1195
931054  60945.11995
931055  60945.120403
931056  60945.120852
931058  60945.121787
943705  60962.035541
943728  60962.046195
943731  60962.047537
943733  60962.048433
943765  60962.063112
943766  60962.063562
1121530  61232.284657
1121544  61232.291182
1121592  61232.313404
1121595  61232.314746
1121623  61232.327846
1121629  61232.330617
1121640  61232.335754
1121683  61232.355931
1125714  61236.265498
1125751  61236.282273
1125753  61236.283169
1126785  61238.274409
1126786  61238.274856
1126787  61238.275305
1126825  61238.29271
1126827  61238.293607
1144885  61259.201208
1144911  61259.213356
1145986  61260.24566
1145987  61260.246109
1145989  61260.247013
1146027  61260.264397
1146028  61260.264848
1149943  61265.203846
1149985  61265.224845
1149986  61265.225294
1150038  61265.250422
1151945  61267.189551
1152036  61267.232397
1154859  61271.174617
1154863  61271.176435
1154866  61271.177777
1154897  61271.192389
1154899  61271.193284
1154904  61271.195562
1154916  61271.200989
1154956  61271.219355
1156317  61273.211245
1156361  61273.231521
1182025  61315.068372
1182027  61315.069317
1182032  61315.071553
1182058  61315.083534
1182059  61315.083981
1182062  61315.085322
1182067  61315.087654
1182108  61315.107443
1182109  61315.107892
1182110  61315.108342
1182141  61315.122948
1182146  61315.125656
1182951  61316.104763
1182993  61316.123975
1184663  61318.096044
1184685  61318.106045
1184705  61318.120448
1184707  61318.121349
1192692  61328.054558
1192737  61328.075282
1224590  61383.080959
1224591  61383.081406
1369990  61586.307169
1370018  61586.319933
1370039  61586.329508
1370104  61586.360272
1374119  61590.293861
1374120  61590.294309
1374290  61590.374874
1374291  61590.375322
1374322  61590.390699
1374323  61590.391145
1374333  61590.395771
1374334  61590.396218
1374378  61590.417293
1374380  61590.418202
1376900  61595.276869
1376901  61595.277316
1380361  61599.327452
1380362  61599.327901
1380421  61599.357428
1380422  61599.357877
1380441  61599.367227
1380442  61599.367673
1380494  61599.395362
1380495  61599.39581
1389734  61616.260939
1389736  61616.261836
1389741  61616.264077
1389770  61616.277548
1389773  61616.2789
1389774  61616.279349
1392794  61619.239339
1392803  61619.243414
1392826  61619.253875
1395780  61623.211498
1395787  61623.214625
1395788  61623.215072
1395812  61623.226217
1395819  61623.229363
1395820  61623.229811
1395838  61623.238207
1395871  61623.253637
1396914  61624.264966
1408405  61652.157029
1408451  61652.178994
1408453  61652.179932
1408481  61652.19258
1408482  61652.19303
1408484  61652.193962
1408536  61652.218182
1418136  61680.092025
1418172  61680.108568
1418946  61681.072515
1418949  61681.073855
1418950  61681.074309
1418971  61681.083859
1418980  61681.088296
1418981  61681.088749
1418989  61681.092431
1419007  61681.10068
1419022  61681.107682
1419039  61681.115736
1419040  61681.116189
1419060  61681.12558
1432902  61698.049783
1432930  61698.06296
1432931  61698.06341
1432971  61698.082925
1432972  61698.083374
1432973  61698.083822
1442006  61712.094366
1442051  61712.117133
1454089  61737.099717
1456163  61740.07813
1456211  61740.100294
1456791  61741.059064
1456837  61741.080084
1456840  61741.081432
1456874  61741.098933
1589135  61946.324617
1589167  61946.33934
1589909  61947.327196
1589951  61947.347257
1606571  61976.286418
1606572  61976.286867
1606595  61976.2972
1606596  61976.297651
1606626  61976.31656
1606649  61976.327071
1606650  61976.327518
1606678  61976.343844
1606680  61976.344739
1606681  61976.345187
1606709  61976.35799
1606710  61976.358439
1606711  61976.358885
1606756  61976.383945
1608485  61979.231062
1608525  61979.249732
1608548  61979.260406
1610631  61981.260804
1610673  61981.280357
1611608  61982.241165
1611610  61982.24206
1611643  61982.258635
1611655  61982.264752
1611688  61982.282047
1629705  62011.306258
1629706  62011.306708
1629707  62011.307162
1629736  62011.320754
1629737  62011.321205
1639214  62029.169
1639215  62029.169449
1639248  62029.184954
1639249  62029.1854
1639250  62029.185848
1639259  62029.18988
1639260  62029.190327
1639261  62029.190775
1640028  62030.122124
1640073  62030.144348
1640075  62030.14525
1640079  62030.147077
1640120  62030.167035
1644520  62035.127687
1644563  62035.147364
1659884  62054.060833
1659889  62054.063065
1659890  62054.063518
1659912  62054.073385
1659915  62054.07476
1659920  62054.077022
1659929  62054.081066
1661478  62056.107452
1661479  62056.107899
1661481  62056.108796
1662353  62057.143617
1662354  62057.144063
1662384  62057.159525
1662385  62057.159974
1678833  62084.14936
1678835  62084.150256
1678863  62084.163852
1678864  62084.164299
1680086  62087.044951
1680204  62087.099546
1680236  62087.116123
1697076  62113.0557
1697079  62113.057042
1697080  62113.057495
1697103  62113.067925
1697107  62113.069713
1697108  62113.07016
1697109  62113.070607
1840352  62303.352792
1840381  62303.366046
1840382  62303.366495
1840413  62303.380761
1840415  62303.381659
1840421  62303.384356
1840452  62303.398771
1840455  62303.400162
1856174  62324.290867
1856226  62324.314314
1856229  62324.315658
1856256  62324.327896
1856257  62324.328345
1856262  62324.330659
1856271  62324.334717
1856272  62324.335166
1856302  62324.349745
1856303  62324.350194
1861431  62329.289871
1861476  62329.312526
1861477  62329.312976
1861486  62329.317095
1861518  62329.331807
1866558  62334.260788
1866578  62334.269755
1866579  62334.270203
1866599  62334.280355
1866614  62334.287444
1866615  62334.287893
1875362  62350.232665
1875363  62350.233113
1875364  62350.233559
1875391  62350.245715
1875392  62350.246164
1875409  62350.253836
1875410  62350.254285
1875423  62350.260351
1875437  62350.266731
1875438  62350.26718
1875483  62350.287887
1875484  62350.288342
1875525  62350.307992
1879431  62354.272914
1879471  62354.293232
1883919  62360.199198
1883943  62360.210206
1883951  62360.213781
1885860  62362.190061
1885862  62362.190956
1885906  62362.213654
1885908  62362.21455
1885909  62362.214998
1908554  62391.188546
1908600  62391.209838
1908603  62391.2112
1908652  62391.234214
1908653  62391.234663
1909949  62394.113756
1909950  62394.114205
1909955  62394.11644
1909960  62394.118686
1909975  62394.125449
1909976  62394.125896
1909977  62394.126345
1909984  62394.129471
1909986  62394.130368
1910011  62394.141672
1910012  62394.142121
1910044  62394.156921
1917586  62406.061899
1917631  62406.083792
1917633  62406.084688
1918197  62408.191407
1918198  62408.191856
1927710  62420.031732
1927711  62420.032178
1927712  62420.032625
1927713  62420.03308
1927781  62420.067067
1927783  62420.067969
1927784  62420.068418
1927785  62420.068868
1927822  62420.088083
1927863  62420.108364
1960824  62478.086668
1960825  62478.087114
2090845  62651.406413
2090848  62651.407752
2090849  62651.408207
2090866  62651.416085
2091870  62652.408064
2108434  62686.331867
2108435  62686.332316
2108492  62686.362634
2108493  62686.363083
2108495  62686.363987
2108550  62686.392107
2108551  62686.392554
2108553  62686.393449
2108575  62686.403363
2108576  62686.40381
2108599  62686.418015
2109396  62687.304939
2109431  62687.320694
2109432  62687.321144
2109544  62687.37345
2111445  62689.286663
2111446  62689.28711
2111478  62689.302286
2111507  62689.315629
2111520  62689.321743
2111521  62689.322192
2111532  62689.32712
2111555  62689.338302
2127286  62722.382971
2127335  62722.407025
2127336  62722.407474
2133815  62733.174166
2133817  62733.17506
2133850  62733.190248
2133852  62733.191143
2133853  62733.191589
2133867  62733.197998
2133872  62733.20023
2133900  62733.214272
2133901  62733.214724
2133903  62733.215635
2133912  62733.219669
2133925  62733.225521
2133926  62733.22597
2133928  62733.226873
2133975  62733.249722
2133976  62733.25017
2133977  62733.250619
2133978  62733.251069
2157557  62761.085419
2157583  62761.097705
2157589  62761.100385
2157622  62761.115469
2157623  62761.115914
2157649  62761.12806
2157665  62761.135265
2157691  62761.14723
2157692  62761.147683
2157727  62761.164125
2159368  62763.092286
2159375  62763.095413
2159376  62763.095861
2159410  62763.111559
2159417  62763.114735
2159419  62763.115631
2159638  62763.215333
2159679  62763.234775
2160478  62764.196862
2160523  62764.219571
2170346  62778.044156
2170347  62778.044604
2170352  62778.046843
2170355  62778.048185
2170381  62778.060117
2170385  62778.061976
2170388  62778.063321
2178529  62790.139492
2178530  62790.139941
2182994  62796.033975
2183034  62796.05274
2316380  63014.412223
2317384  63015.415758
2317387  63015.417097
2325888  63033.396124
2325900  63033.401498
2325901  63033.401947
2325910  63033.406004
2325926  63033.414864
2325934  63033.418528
2325944  63033.423109
2325945  63033.423558
2325950  63033.425826
2326093  63034.356703
2326094  63034.35715
2326099  63034.359385
2326127  63034.372556
2326132  63034.374794
2326134  63034.375691
2326136  63034.376587
2326165  63034.389871
2326166  63034.39032
2326169  63034.391696
2327859  63037.332842
2327863  63037.334644
2327871  63037.338239
2327887  63037.34552
2327893  63037.348305
2327901  63037.351922
2327917  63037.359226
2343736  63066.296815
2343766  63066.312811
2360939  63088.344434
2360975  63088.362366
2364590  63095.178289
2364591  63095.178736
2364593  63095.17963
2364630  63095.197043
2364632  63095.197938
2365087  63096.180686
2365089  63096.181588
2365139  63096.206634
2365140  63096.207083
2365141  63096.207537
2365148  63096.210666
2365190  63096.231091
2377748  63118.191265
2377749  63118.191714
2377750  63118.192163
2377751  63118.192613
2377789  63118.210063
2377790  63118.21051
2377794  63118.212718
2377815  63118.222814
2380075  63122.167601
2380117  63122.188388
2380118  63122.188836
2380858  63123.105655
2380861  63123.106998
2380895  63123.122968
2380899  63123.124759
2380905  63123.127507
2380946  63123.147065
2394826  63146.102223
2394827  63146.102672
2394828  63146.103127
2394868  63146.122073
2394869  63146.122521
2394870  63146.122976
2398151  63150.086871
2398152  63150.087322
2398179  63150.102134
2398180  63150.102583
2398181  63150.103032
2406482  63160.145484
2422354  63189.137519
2434298  63207.06256
2434304  63207.065242
2434331  63207.077836
2434334  63207.079206
2434336  63207.080099
2434342  63207.082784
