230
250
260
280
306
2229
2249
2340
2342
2343
2928
3032
3647
4564
5767
5889
5890
5898
6826
6827
6855
8004
8007
8025
8026
8027
8046
8048
8049
8068
8069
12447
12448
12449
12454
12455
12456
12457
12484
13172
13214
13271
13272
13275
13276
13319
13320
13329
13330
32630
32631
32633
32634
32677
32678
37621
37622
37623
37624
37645
37647
37648
37650
37651
46276
46277
46278
46279
46305
46306
46307
48938
48939
48940
52543
52544
53413
53414
55230
55232
55233
159479
159480
159481
159492
159493
159494
159495
159496
159522
159523
159524
161983
161984
162700
166965
166968
166969
166971
166972
166974
167864
167865
167874
167875
167898
167899
169840
169841
169847
169848
169874
174549
174550
174551
174578
174579
174586
174598
174602
177422
177423
177480
177481
179970
179971
179972
179973
179996
179997
180095
180254
180879
181108
181111
181169
181170
181224
181865
181866
181867
181868
181869
181870
181897
181898
181900
181901
181902
181938
181939
181964
181965
181966
181970
181971
182013
182014
183767
183768
183769
183809
183810
183811
183812
183813
183852
183853
183892
183893
184047
184613
184648
184656
185595
185596
185615
185625
185645
185671
185734
185735
185736
185783
185784
185785
187479
187493
187494
187500
187501
187525
187528
187529
187545
187546
187547
187552
187553
187589
187591
187592
187602
187603
188991
188992
188997
188998
189388
189390
189408
189409
189410
189437
189438
190188
190235
190240
190246
190247
190261
190264
190265
190269
190270
190271
190281
190486
190487
190488
190504
190505
190506
191126
191127
191128
191144
191145
191146
191158
191159
191160
191167
191168
191169
191179
191216
191251
191252
191253
191280
191281
191282
191299
191339
191340
191341
191375
191376
191377
191448
191449
191500
192347
192350
192356
192895
192896
192915
192925
192945
192971
193112
193113
193130
193145
193146
193170
193283
193783
193784
193785
193822
193823
193824
193825
193826
193859
193860
193861
193899
193900
193901
193902
194105
195529
195530
195549
195559
195579
195605
196437
196438
196475
196476
196477
196497
196568
196569
196570
196609
196610
196611
197356
197394
197401
197402
197403
197423
197424
197425
197426
197427
197705
197706
197707
199450
199498
199499
199500
199504
199505
199534
199535
199540
199541
200152
200182
200184
200221
200705
200706
200725
200735
200736
200737
200738
200739
200740
200747
200748
200749
200810
200811
202440
202460
202470
202490
202516
203563
203564
203609
203610
203615
204387
204407
204417
204437
204463
204516
204517
204519
204520
204555
204556
204558
204559
204560
204593
204594
204595
204661
204704
206040
206041
206052
206053
206054
206055
206056
206057
206058
206066
206067
206068
206069
206072
206128
207731
207748
207760
207770
207772
207773
207774
207792
207795
207796
207797
207798
207799
207800
207801
208604
208606
208639
208641
209030
209032
209034
209035
209036
209081
209084
209085
209086
209087
209770
209841
209882
209888
209889
209890
209897
209912
209915
209943
210469
210471
210472
210473
210474
210522
210523
210524
211101
211142
211146
211147
211152
211153
211154
211155
211179
211180
211181
211182
211196
211197
211229
211230
211239
211240
211262
211269
211270
211273
211274
211301
211302
211303
211336
211342
211472
211473
211474
211478
211526
211529
211950
211970
211980
212000
212026
212046
212047
212048
212056
212076
212077
212083
212084
212085
212086
212126
212127
212710
212711
212712
212746
212747
212748
213515
213517
213523
213546
213547
213549
213551
213562
214315
214335
214345
214365
214391
216748
216768
216778
216798
216824
217577
217578
217597
218304
218324
219098
219896
219916
219922
219923
219924
219925
219936
219946
219947
219948
219949
219966
219976
220016
220017
220633
221413
221572
221573
221612
221613
222221
225457
225477
225487
225507
225533
226984
226985
226986
226987
227030
227031
227032
227033
227715
227735
227745
227765
227791
227883
227884
227885
227889
227890
227891
227918
227920
227922
227923
227924
228838
228869
229203
229223
229233
229253
229279
231412
231432
231442
231462
231488
233511
233531
233541
233561
233587
235013
235014
235033
235051
235052
235053
235738
236418
236458
236472
236788
237176
237855
237856
237857
237885
237886
237887
237908
238031
238032
238071
238072
238575
238583
238584
238585
238586
238587
238613
238614
238618
238619
238620
238622
238623
238624
238625
239366
240845
241985
242005
242015
242035
242061
242273
242274
242275
242277
242278
242287
242288
242603
242661
242980
242981
242982
242983
243024
243025
243031
243720
243740
243750
243770
243796
244023
244068
246591
246611
246612
246614
246615
246616
248925
248940
248956
249444
249464
249474
249494
249520
250362
250363
250364
250374
250375
250378
250395
250396
250397
250406
250407
250408
250410
250487
250864
250884
250894
250914
250940
251759
252380
252424
252892
252893
252894
252931
252951
252961
252981
253007
254312
254314
254316
254317
254318
254339
254344
254349
254357
254360
254364
254373
254378
254914
254934
254944
254964
254990
256304
256348
256393
256981
257697
257717
258391
259064
260434
260454
260464
260484
260510
261178
261201
261324
261325
261369
261855
261961
261962
261992
261993
262006
262527
262547
262557
262577
262603
263195
263456
263457
263458
263460
263503
263504
263507
263508
263556
263834
263837
263838
263876
263879
263903
265346
266105
266109
266110
266111
266115
266163
266164
269088
269089
269090
269132
269133
269134
271093
271302
271303
271337
271954
274853
274854
274855
274898
274901
277091
277092
277093
277097
277098
277099
277107
277108
280226
282337
282352
282353
282354
282355
282364
282365
282395
282396
282397
283143
284049
284050
284051
286214
286215
286220
286221
286222
286233
286254
286255
286260
286261
286262
286265
291853
291860
291888
292655
292656
292657
295139
295140
295141
295936
295937
295938
295956
295957
295971
295972
300251
303516
303561
306120
306121
306122
306131
306132
306133
306138
306181
307870
308757
308758
308759
308760
308791
308792
314948
314952
314954
314997
316730
316732
316733
316734
316737
390562
390563
390570
390571
390572
390573
390585
390586
390591
390592
390599
390600
395387
395388
395389
397285
397286
397287
397288
397289
397333
397334
397335
398400
398401
398419
398420
398421
398451
398452
399391
399392
399393
399394
400355
400356
400357
400358
400389
400390
400391
400436
400437
401556
401557
401595
401596
405644
405673
405723
405724
405757
406919
406929
406930
406931
406941
406948
406949
406950
406951
406952
406953
406956
406957
406958
406995
406996
406998
407949
407953
407954
407955
407967
408907
408908
408909
408910
408942
408943
408944
408945
409007
409008
409035
409036
409037
410887
410901
410902
410929
410930
410965
410995
411047
411076
414912
415029
415031
415032
416926
416929
416957
416959
416960
417006
417007
417008
417009
417010
417049
417050
417057
417060
417098
417099
417974
417975
417976
418084
419719
419721
419722
419723
419767
419770
419772
419773
419775
419779
419805
419807
420609
420610
420611
420652
420653
420780
420781
420782
420783
420784
420803
420804
420805
420806
420807
420808
420825
420826
420829
420830
420831
420877
420878
421693
421694
421695
421727
421728
421729
424476
424477
425466
425467
425483
425486
425490
425491
425492
425507
425508
425509
425526
426974
427029
427031
427038
427039
427040
427074
427078
427082
427083
427086
427087
427520
427540
427550
427570
427596
428491
428494
428495
428496
428497
428498
428524
428526
428527
428528
428529
428530
428531
429132
429133
429152
429162
429182
429208
430012
430050
431150
431151
431176
431184
431185
431186
431193
431194
431195
431196
431197
431306
431364
432081
433014
433034
433035
433036
433077
433079
433080
433189
433190
433219
433220
433920
433921
433958
433963
433966
433989
433995
433996
433998
434038
434823
435716
436418
436426
436427
436457
436458
436459
436477
436500
436768
436769
436770
436773
437318
437319
437320
437321
437322
437323
437349
437350
437351
437352
437353
439120
439121
439140
439150
439170
439196
440938
440939
440943
440944
440977
440978
440979
440980
440982
440983
441017
441020
441795
441815
441825
441845
441871
442282
442412
443131
443134
443137
443138
443139
443152
443153
443155
443156
443780
443781
443820
443821
443855
443856
443857
443858
443859
443897
443898
443899
443900
443901
444603
444605
444667
444687
444694
444695
444696
444697
444698
444699
444700
444704
444705
444708
444724
444726
444727
444736
444737
444738
444750
444751
444752
444831
444832
445708
445799
446572
446574
446614
446616
447526
447527
447546
447556
447576
447602
447915
448298
448299
448300
448301
448312
448314
448315
448316
448343
448344
448345
448346
449236
449256
449266
449286
449312
449859
449903
449904
449953
449954
449955
451453
451454
451455
451456
451490
451491
451503
451504
451505
451512
451540
451541
451542
451544
451756
452558
452560
452561
452562
452563
452564
452591
452593
452596
452597
452598
452599
453501
453521
455337
455357
455367
455387
455413
456692
456693
456694
456695
456721
456722
456723
456731
456799
456800
456846
457501
457521
457531
457551
457577
457677
465985
466679
467435
468197
468962
469735
470399
470418
470428
470448
470474
472744
472764
472774
472794
472820
478551
478571
478581
478601
478627
480683
480703
480713
480733
480759
482813
482833
482843
482863
482889
484566
484586
484596
484616
484642
484922
485630
486350
487048
487752
488455
490001
490020
490030
490050
490076
490578
490598
490608
490628
490654
657401
658296
659233
660201
660882
661527
662434
664557
664577
664587
664607
664633
671659
671678
671688
671708
671734
674105
674124
674134
674154
674180
675069
675910
676739
677595
678467
679317
680167
684469
684488
684498
684518
684544
686469
686489
686499
686519
686545
693871
693890
693900
693920
693946
696247
696266
696276
696296
696322
698622
698641
698651
698671
698697
699418
700187
700968
701754
702553
703320
704240
704746
704765
704775
704795
704821
706923
706942
706952
706972
706998
709647
709667
709677
709697
709723
712881
712901
712911
712931
712957
715116
715136
715146
715166
715192
716583
716603
716613
716633
716659
718798
719515
720244
720949
721669
722382
723095
724643
724663
724673
724693
724719
726614
726634
726644
726664
726690
732170
732190
732200
732220
732246
734097
734117
734127
734147
734173
736144
736164
736174
736194
736220
738242
738955
739630
740308
741005
741720
742409
917272
917292
917302
917322
917348
920425
920444
920454
920474
920500
932975
932994
933004
933024
933050
934695
934715
934725
934745
934771
941667
941687
941697
941717
941743
943908
943927
943937
943957
943983
946376
946395
946405
946425
946451
947265
949067
949568
950374
951209
952035
952768
952787
952797
952817
952843
955118
955137
955147
955167
955193
956829
956849
956859
956879
956905
959399
959419
959429
959449
959475
961643
962370
963195
963859
964565
965301
966044
969019
969038
969048
969068
969094
970401
970421
970431
970451
970477
975317
975337
975347
975367
975393
976702
976722
976732
976752
976778
978759
978779
978789
978809
978835
980725
981442
982149
982853
983547
984267
984995
988529
988548
988558
988578
988604
990626
990646
990656
990676
990702
994120
994140
994150
994170
994196
995535
995555
995565
995585
995611
996922
996942
996952
996972
996998
997642
997662
997672
997692
997718
997997
998695
999397
1000077
1168171
1169097
1169990
1170831
1170850
1170860
1170880
1170906
1173504
1173524
1173534
1173554
1173580
1176512
1176532
1176542
1176562
1181556
1181576
1181586
1181606
1181632
1183930
1183949
1183959
1183979
1184005
1186493
1187371
1188230
1189028
1189829
1190657
1191226
1194511
1194531
1194541
1194561
1194587
1196882
1196902
1196912
1196932
1196958
1198541
1198561
1198571
1198591
1198617
1203190
1203210
1203220
1203240
1203266
1204004
1204024
1204034
1204054
1204080
1204925
1207955
1208179
1208199
1208209
1208229
1208255
1210311
1210331
1210341
1210361
1210387
1212488
1212508
1212518
1212538
1212564
1215940
1215960
1215970
1215990
1216016
1218115
1218135
1218145
1218165
1218191
1220258
1220278
1220288
1220308
1220334
1223168
1223850
1224552
1225257
1225936
1226563
1227244
1228619
1228639
1228649
1228669
1228695
1230340
1230359
1230369
1230389
1230415
1235276
1235296
1235306
1235326
1235352
1237358
1237924
1238649
1239359
1240048
1240744
1241450
1406936
1407664
1408605
1409594
1412276
1412295
1412305
1412325
1412351
1414017
1414036
1414046
1416212
1416679
1417471
1418313
1419150
1420003
1422643
1422662
1422672
1422692
1422718
1425058
1425078
1425088
1425108
1425134
1427603
1427623
1427633
1427653
1427679
1433124
1433144
1433154
1433174
1433200
1434673
1434693
1434703
1434723
1434749
1436057
1436077
1436087
1436107
1436133
1436739
1437561
1438328
1439090
1439708
1440513
1441286
1446148
1446168
1446178
1446198
1446224
1448348
1448368
1448378
1448398
1448424
1450503
1450523
1450533
1450553
1450579
1451807
1452552
1453271
1453996
1454713
1455419
1456122
1458809
1458829
1458839
1458859
1458885
1460870
1460890
1460900
1460920
1460946
1466528
1466548
1466558
1466578
1466604
1468597
1468617
1468627
1468647
1468673
1470496
1470516
1470526
1470546
1470572
1470938
1471398
1472110
1472759
1473429
1474117
1474785
1632285
1632305
1632315
1632335
1632361
1636957
1636976
1636986
1637006
1637032
1639297
1639316
1639326
1639346
1639372
1640280
1641144
1642075
1642938
1643816
1644665
1645522
1650383
1650403
1650413
1650433
1650459
1652654
1652674
1652684
1652704
1652730
1659232
1659251
1659261
1659281
1659307
1661591
1661611
1661621
1661641
1661667
1664031
1664837
1665332
1668446
1668465
1668475
1668495
1668521
1670569
1670588
1670598
1670618
1670644
1677508
1677528
1677538
1677558
1677584
1679417
1679437
1679447
1679467
1679493
1681503
1682212
1683076
1683675
1684419
1684671
1685423
1687569
1687588
1687598
1687618
1687644
1689569
1689589
1689599
1689619
1689645
1695797
1695817
1695827
1695847
1695873
1697884
1697904
1697914
1697934
1697960
1699894
1699914
1699924
1699944
1699970
1700454
1701183
1701887
1702541
1703234
1703927
1704614
1707124
1707144
1707154
1707174
1707200
1709158
1709178
1709188
1709208
1709234
1899505
1899524
1899534
1899554
1899580
1903089
1903997
1904926
1909355
1909374
1909384
1909404
1909430
1918317
1918337
1918347
1918367
1918393
1920746
1920766
1920776
1920796
1920822
1923758
1924614
1925464
1926303
1927109
1927947
1928812
1930392
1930412
1930422
1930442
1930468
1931739
1931758
