6826 59589.200927
6827 59589.201372
6855 59589.214371
174549 59810.356514
174550 59810.356967
174551 59810.357416
174578 59810.370605
174579 59810.371054
174586 59810.374201
174598 59810.379618
174602 59810.381429
177422 59813.363729
177423 59813.364178
177480 59813.398883
177481 59813.399332
181108 59820.363276
181111 59820.364675
181169 59820.392221
181170 59820.392922
184613 59824.236645
184648 59824.254954
184656 59824.258535
192347 59837.378337
192350 59837.379747
192356 59837.382519
196437 59843.198593
196438 59843.19904
196475 59843.215957
196476 59843.216405
196477 59843.216852
196497 59843.225817
196568 59843.25777
196569 59843.258219
196570 59843.258667
196609 59843.280079
196610 59843.280527
196611 59843.280976
200152 59850.223152
200182 59850.237551
200184 59850.241578
200221 59850.258387
203563 59856.202111
203564 59856.202558
203609 59856.223443
203610 59856.223898
203615 59856.226186
204516 59857.250485
204517 59857.250934
204519 59857.251848
204520 59857.252296
204555 59857.268322
204556 59857.268771
204558 59857.269702
204559 59857.270151
204560 59857.270599
204593 59857.28604
204594 59857.286489
204595 59857.286937
204661 59857.322599
204704 59857.346197
211101 59866.144018
211142 59866.163377
211146 59866.165311
211147 59866.165757
211152 59866.167993
211153 59866.168441
211154 59866.168888
211155 59866.169335
211179 59866.180152
211180 59866.180599
211181 59866.181047
211182 59866.181495
211196 59866.187964
211197 59866.188413
211229 59866.203465
211230 59866.203913
211239 59866.207968
211240 59866.208416
211262 59866.218706
211269 59866.221884
211270 59866.222332
211273 59866.223847
211274 59866.224295
211301 59866.236756
211302 59866.237204
211303 59866.237653
211336 59866.253559
211342 59866.256587
211472 59866.318412
211473 59866.318884
211474 59866.31935
211478 59866.321167
211526 59866.347069
211529 59866.348475
227883 59887.171883
227884 59887.172332
227885 59887.172781
227889 59887.174605
227890 59887.175053
227891 59887.175502
227918 59887.18764
227920 59887.188538
227922 59887.189549
227923 59887.189997
227924 59887.190461
228838 59895.256522
228869 59895.270791
238031 59908.107334
238032 59908.107846
238071 59908.126168
238072 59908.126728
244023 59916.197901
244068 59916.219661
248925 59923.144406
248940 59923.151432
248956 59923.158936
256348 59935.092525
256393 59935.115449
261855 59944.085473
261961 59944.136149
261962 59944.136597
261992 59944.150513
261993 59944.150962
262006 59944.157175
263456 59946.187033
263457 59946.187485
263458 59946.187934
263460 59946.188837
263503 59946.210353
263504 59946.2108
263507 59946.212175
263508 59946.212621
263556 59946.236318
269088 59954.134678
269089 59954.135127
269090 59954.135576
269132 59954.155495
269133 59954.155944
269134 59954.156393
280226 59975.142558
