162700 59798.315664
181865 59821.274334
181866 59821.274782
181867 59821.27523
181868 59821.275677
181869 59821.276123
181870 59821.276572
181897 59821.288866
181898 59821.289313
181900 59821.290208
181901 59821.290654
181902 59821.291103
181938 59821.307888
181939 59821.308335
181964 59821.319806
181965 59821.320257
181966 59821.320713
181970 59821.322524
181971 59821.32298
182013 59821.342569
182014 59821.343024
185595 59825.256044
192895 59839.212084
193112 59839.317115
193113 59839.317564
193130 59839.325615
193145 59839.332807
193146 59839.333259
193170 59839.34463
193859 59840.251784
193860 59840.252233
193861 59840.25268
193899 59840.27242
193900 59840.272869
193901 59840.273324
193902 59840.273774
194105 59840.367561
195529 59842.194696
197356 59844.223991
197394 59844.241759
197401 59844.245179
197402 59844.245627
197403 59844.246075
197423 59844.259581
197424 59844.260033
197425 59844.260482
197426 59844.26093
197427 59844.2614
199450 59849.178063
199498 59849.200835
199499 59849.201283
199500 59849.20173
199504 59849.203519
199505 59849.203967
199534 59849.217262
199535 59849.217709
199540 59849.219946
199541 59849.220393
212046 59867.202886
212047 59867.203335
212048 59867.203783
212056 59867.207448
212076 59867.21696
212077 59867.217408
212083 59867.220238
212084 59867.220834
212085 59867.221283
212086 59867.221762
212126 59867.244884
212127 59867.245333
212710 59868.131027
212711 59868.131476
212712 59868.131928
212746 59868.148145
212747 59868.148594
212748 59868.14905
213515 59869.143898
213517 59869.144793
213523 59869.147484
213546 59869.159769
213547 59869.160216
213549 59869.161111
213551 59869.162006
213562 59869.167268
219922 59877.126438
219923 59877.126886
219924 59877.127333
219925 59877.12778
219936 59877.132868
219946 59877.137369
219947 59877.137816
219948 59877.138263
219949 59877.138716
219966 59877.146397
219976 59877.150905
220016 59877.169363
220017 59877.16982
236788 59906.202973
242603 59914.197652
242661 59914.226719
250362 59926.150103
250363 59926.150552
250364 59926.151001
250374 59926.1555
250375 59926.155949
250378 59926.157338
250395 59926.16514
250396 59926.165589
250397 59926.166037
250406 59926.170082
250407 59926.170531
250408 59926.17098
250410 59926.171902
250487 59926.20763
252380 59929.125771
252424 59929.148099
257717 59937.080009
261178 59943.092997
261201 59943.103763
261324 59943.162407
261325 59943.162867
261369 59943.187269
271302 59957.147354
271303 59957.147817
271337 59957.163762
274853 59965.09814
274854 59965.098589
274855 59965.099061
274898 59965.121358
274901 59965.122729
300251 60001.075581
