250 59580.149254
185615 59825.265743
192915 59839.221783
195549 59842.204511
202460 59854.214662
204407 59857.193693
211970 59867.165757
214335 59870.157806
216768 59873.149984
225477 59884.134926
227735 59887.10084
229223 59896.089666
231432 59899.091173
233531 59902.050274
242005 59913.250369
243740 59916.060168
249464 59924.064659
250884 59927.06612
252951 59930.067664
254934 59933.068991
260454 59942.086984
262547 59945.082709
427540 60192.298721
429152 60195.24006
439140 60209.23386
441815 60212.22046
447546 60223.20055
449256 60226.277815
455357 60238.278386
457521 60241.139969
470418 60267.050046
472764 60270.113932
478571 60278.058192
480703 60281.06097
482833 60284.061435
484586 60287.063406
490020 60297.122647
490598 60300.069789
664577 60567.228879
671678 60578.280324
674124 60581.183619
684488 60593.17394
686489 60596.187712
693890 60605.143744
696266 60608.136502
698641 60611.128471
704765 60621.132065
706942 60624.087873
709667 60627.28586
712901 60632.045762
715136 60635.052626
716603 60640.056144
724663 60651.143226
726634 60654.065448
732190 60662.150832
734117 60665.069451
736164 60668.0704
917292 60919.346109
920444 60933.280625
932994 60947.208172
934715 60950.20044
941687 60959.246856
943927 60962.138576
946395 60965.131576
952787 60975.125366
955137 60978.127096
956849 60981.128592
959419 60992.089255
969038 61006.065117
970421 61009.058493
975337 61016.112262
976722 61019.111161
978779 61022.127489
988548 61036.071623
990646 61039.086659
994140 61044.074105
995555 61047.073103
996942 61050.073444
997662 61054.073315
1170850 61302.203513
1173524 61305.231141
1176532 61308.378642
1181576 61314.270112
1183949 61317.166596
1194531 61330.171829
1196902 61333.168657
1198561 61336.203223
1203210 61344.127993
1204024 61348.130037
1208199 61359.090306
1210331 61362.0923
1212508 61365.119861
1215960 61370.055014
1218135 61373.057176
1220278 61376.059285
1228639 61389.066562
1230359 61392.068321
1235296 61406.145193
1412295 61656.250799
1414036 61672.388661
1422662 61685.231311
1425078 61688.18052
1427623 61691.311581
1433144 61698.166364
1434693 61701.14455
1436077 61704.171516
1446168 61725.09985
1448368 61728.097678
1450523 61731.099467
1458829 61744.061147
1460890 61747.062654
1466548 61755.130666
1468617 61758.119167
1470516 61762.207986
1632305 62014.306604
