280 59580.164486
185645 59825.280974
192945 59839.237015
195579 59842.219743
202490 59854.229893
204437 59857.208924
212000 59867.180988
214365 59870.173037
216798 59873.165216
225507 59884.150158
227765 59887.116071
229253 59896.104898
231462 59899.106405
233561 59902.065505
242035 59913.265601
243770 59916.075399
249494 59924.079891
250914 59927.081351
252981 59930.082896
254964 59933.084223
260484 59942.102216
262577 59945.09794
427570 60192.313952
429182 60195.255291
439170 60209.249091
441845 60212.235692
447576 60223.215782
449286 60226.307636
455387 60238.293618
457551 60241.1552
470448 60267.065278
472794 60270.129164
478601 60278.073424
480733 60281.076201
482863 60284.076667
484616 60287.078637
490050 60297.137878
490628 60300.085021
664607 60567.244111
671708 60578.295556
674154 60581.198851
684518 60593.189171
686519 60596.202943
693920 60605.158976
696296 60608.151733
698671 60611.143703
704795 60621.147297
706972 60624.103104
709697 60627.301092
712931 60632.060994
715166 60635.067858
716633 60640.071375
724693 60651.158457
726664 60654.08068
732220 60662.166064
734147 60665.084682
736194 60668.100286
917322 60919.361341
920474 60933.295856
933024 60947.223404
934745 60950.215671
941717 60959.262088
943957 60962.153807
946425 60965.146808
952817 60975.140597
955167 60978.142328
956879 60981.143824
959449 60992.104486
969068 61006.080348
970451 61009.073724
975367 61016.141979
976752 61019.141113
978809 61022.14272
988578 61036.101451
990676 61039.101891
994170 61044.089337
995585 61047.088334
996972 61050.088675
997692 61054.088546
1170880 61302.218744
1173554 61305.246372
1176562 61308.393873
1181606 61314.285343
1183979 61317.181827
1194561 61330.187061
1196932 61333.183889
1198591 61336.218455
1203240 61344.143224
1204054 61348.145269
1208229 61359.105538
1210361 61362.107531
1212538 61365.135092
1215990 61370.070245
1218165 61373.072407
1220308 61376.074516
1228669 61389.081794
1230389 61392.083552
1235326 61406.160424
1412325 61656.26603
1422692 61685.246543
1425108 61688.195751
1427653 61691.326812
1433174 61698.181595
1434723 61701.159781
1436107 61704.186748
1446198 61725.115081
1448398 61728.11291
1450553 61731.114698
1458859 61744.076378
1460920 61747.077886
1466578 61755.145897
1468647 61758.134398
1470546 61762.223217
1632335 62014.321835
1637006 62026.313759
1639346 62029.232271
1650433 62042.218016
1652704 62045.331789
1659281 62053.175075
1661641 62056.187914
1668495 62067.138709
1670618 62070.140236
1677558 62082.259212
1679467 62086.10289
1687618 62098.08029
1689619 62101.071139
1695847 62111.125857
1697934 62114.141416
1699944 62117.142752
1707174 62128.100571
1709208 62131.100688
1899554 62380.303929
1909404 62393.290114
1918367 62408.275317
1920796 62411.213198
1930442 62423.363574
