230 59580.139555
185596 59825.25646
192896 59839.212501
195530 59842.195125
202440 59854.204963
204387 59857.183994
211950 59867.156058
214315 59870.148107
216748 59873.140285
225457 59884.125227
227715 59887.091141
229203 59896.079967
231412 59899.081474
233511 59902.040575
241985 59913.24067
243720 59916.050469
249444 59924.05496
250864 59927.056421
252931 59930.057965
254914 59933.059292
260434 59942.062656
262527 59945.07301
427520 60192.289022
429133 60195.230731
439121 60209.224577
441795 60212.210761
447527 60223.191268
449236 60226.268116
455337 60238.253994
457501 60241.13027
470399 60267.040764
472744 60270.104233
478551 60278.048493
480683 60281.051271
482813 60284.051736
484566 60287.053707
490001 60297.113364
490578 60300.06009
664557 60567.21918
671659 60578.271042
674105 60581.174302
684469 60593.164657
686469 60596.178013
693871 60605.134462
696247 60608.12722
698622 60611.119189
704746 60621.122783
706923 60624.078591
709647 60627.276161
712881 60632.036052
715116 60635.042927
716583 60640.046445
724643 60651.118977
726614 60654.055749
732170 60662.141133
734097 60665.059752
736144 60668.060701
917272 60919.33641
920425 60933.271343
932975 60947.19889
934695 60950.190741
941667 60959.237157
943908 60962.129201
946376 60965.122236
952768 60975.116083
955118 60978.117814
956829 60981.118893
959399 60992.079556
969019 61006.055834
970401 61009.048794
975317 61016.102563
976702 61019.101462
978759 61022.10324
988529 61036.062341
990626 61039.062241
994120 61044.064406
995535 61047.063404
996922 61050.063745
997642 61054.063616
1170831 61302.194022
1173504 61305.221442
1176512 61308.368943
1181556 61314.260412
1183930 61317.157221
1194511 61330.16213
1196882 61333.158958
1198541 61336.193524
1203190 61344.118294
1204004 61348.120338
1208179 61359.080607
1210311 61362.082601
1212488 61365.110161
1215940 61370.045315
1218115 61373.047476
1220258 61376.049586
