2249 59583.080873
2340 59583.123341
2342 59583.124255
2343 59583.124704
3032 59584.110662
179970 59819.276664
179971 59819.277111
179972 59819.277562
179973 59819.278019
179996 59819.288391
179997 59819.288844
180879 59820.258259
200705 59851.196667
200725 59851.205001
200735 59851.209488
200736 59851.209934
200737 59851.210381
200738 59851.210829
200739 59851.211277
200740 59851.211725
200741 59851.212175
200747 59851.214891
200748 59851.215339
200749 59851.215808
200810 59851.243712
200811 59851.244175
217577 59874.157263
217597 59874.165627
218324 59875.121901
219916 59877.122191
235013 59904.054465
235033 59904.062829
235051 59904.070895
235052 59904.071342
235053 59904.071791
277091 59968.099654
277092 59968.100103
277093 59968.100552
277097 59968.102387
277098 59968.102836
277099 59968.103285
277107 59968.106906
277108 59968.107355
