159479 59791.352465
159480 59791.352914
159481 59791.353361
159492 59791.359238
159493 59791.359686
159494 59791.360133
159495 59791.36058
159496 59791.361028
159522 59791.373095
159523 59791.373544
159524 59791.373991
180095 59819.338938
183767 59823.286523
183768 59823.28697
183769 59823.287431
183809 59823.306367
183810 59823.306816
183811 59823.307264
183812 59823.307716
183813 59823.308187
183852 59823.326693
183853 59823.327159
183892 59823.345302
183893 59823.345767
185734 59825.325065
185735 59825.325513
185736 59825.325979
185783 59825.351572
185784 59825.35202
185785 59825.352519
193783 59840.212674
193784 59840.213122
193785 59840.21357
193822 59840.23363
193823 59840.234076
193824 59840.234524
193825 59840.234971
193826 59840.235464
221572 59879.180813
221573 59879.181284
221612 59879.200623
221613 59879.201109
251759 59928.15968
254312 59932.087256
254314 59932.088241
254316 59932.089163
254317 59932.08969
254318 59932.090139
254319 59932.090588
254339 59932.101991
254344 59932.104968
254349 59932.109018
254357 59932.113189
254360 59932.115316
254364 59932.11829
254373 59932.123833
254378 59932.126163
271954 59958.128509
399391 60144.410084
399392 60144.410531
399393 60144.410978
399394 60144.411426
400355 60145.373785
400356 60145.374232
400357 60145.37468
400358 60145.375127
400389 60145.389742
400390 60145.39019
400391 60145.390637
400436 60145.411653
400437 60145.41211
419719 60178.313694
419721 60178.314589
419722 60178.315037
419723 60178.315484
419767 60178.33579
419770 60178.33714
419772 60178.338053
419773 60178.338502
419775 60178.339403
419779 60178.341194
419805 60178.353002
419807 60178.353899
430012 60196.216209
430050 60196.234141
449859 60227.179232
449903 60227.199415
449904 60227.199863
449953 60227.222773
449954 60227.223229
449955 60227.223677
