2229 59583.072495
2928 59584.06307
3647 59585.062783
4564 59586.151695
200706 59851.197084
217578 59874.15768
218304 59875.113536
219098 59876.112061
219896 59877.113809
220633 59878.108762
221413 59879.106408
222221 59880.114145
235014 59904.054881
235738 59905.042832
236472 59906.043492
237176 59907.04403
237908 59908.044759
238625 59909.04548
239366 59910.055052
256304 59935.069905
256981 59936.069512
257697 59937.07031
258391 59938.07003
259064 59939.070315
431151 60198.229644
432081 60199.23188
433014 60200.227467
433921 60201.224571
434823 60202.221534
453501 60236.182289
465985 60260.073799
466679 60261.059206
467435 60262.059729
468197 60263.060327
468962 60264.067587
469735 60265.082772
484922 60290.060135
485630 60291.055943
486350 60292.056734
487048 60293.056753
487752 60294.057629
488455 60295.05811
657401 60554.288025
658296 60555.258471
659233 60556.250832
660201 60557.246086
660882 60558.249432
661527 60559.245016
662434 60560.238832
675069 60582.204745
675910 60583.180252
676739 60584.176755
677595 60585.171706
678467 60586.172558
679317 60587.166237
680167 60588.163054
699418 60612.114387
700187 60613.097971
700968 60614.092032
701754 60615.087792
702553 60616.088773
703320 60617.085683
704240 60620.131032
718798 60643.056906
719515 60644.049307
720244 60645.049703
720949 60646.050817
721669 60647.050654
722382 60648.051379
723095 60649.052114
738242 60671.061566
738955 60672.061717
739630 60673.061866
740308 60674.061975
741005 60675.074456
741720 60676.071628
742409 60677.069314
947265 60966.140309
949067 60970.267214
949568 60971.113743
950374 60972.109274
951209 60973.117038
952035 60974.144445
961643 60995.069158
962370 60996.053227
963195 60997.093911
963859 60998.050268
964565 60999.041344
965301 61000.042481
966044 61001.042725
980725 61025.057683
981442 61026.058215
982149 61027.058395
982853 61028.059029
983547 61029.059486
984267 61030.059645
984995 61031.069018
997997 61055.062025
998695 61056.061787
999397 61057.06167
1000077 61058.062044
1168171 61297.225374
1169097 61298.221293
1169990 61299.220433
1186493 61320.159218
1187371 61321.157941
1188230 61322.155445
1189028 61323.152138
1189829 61324.149941
1190657 61325.148013
1191226 61326.14347
1204925 61351.078879
1207955 61358.320668
