8004 59591.084162
8007 59591.085526
8025 59591.094303
8026 59591.094795
8027 59591.095244
8046 59591.105687
8048 59591.106601
8049 59591.10705
8068 59591.116061
8069 59591.11651
13172 59598.064257
13214 59598.08431
13271 59598.111414
13272 59598.111879
13275 59598.113241
13276 59598.11369
13319 59598.134806
13320 59598.135262
13329 59598.139454
13330 59598.139903
32630 59624.019083
32631 59624.019532
32633 59624.020446
32634 59624.020895
32677 59624.040866
32678 59624.041315
46276 59641.007156
46277 59641.007605
46278 59641.008062
46279 59641.008511
46305 59641.020275
46306 59641.020724
46307 59641.021177
48938 59645.006932
48939 59645.00738
48940 59645.007834
180254 59819.414533
181224 59820.420758
184047 59823.418685
187479 59827.254029
187493 59827.2603
187494 59827.260748
187500 59827.263434
187501 59827.26388
187525 59827.278039
187528 59827.279466
187529 59827.279915
187545 59827.287369
187546 59827.287816
187547 59827.288265
187552 59827.290515
187553 59827.290967
187589 59827.307705
187591 59827.308609
187592 59827.309057
187602 59827.314309
187603 59827.314787
191251 59836.278314
191252 59836.278762
191253 59836.27921
191280 59836.291765
191281 59836.292213
191282 59836.292661
191299 59836.300643
191339 59836.319216
191340 59836.319672
191341 59836.320136
191375 59836.336713
191376 59836.337167
191377 59836.337616
191448 59836.376271
191449 59836.376727
191500 59836.40119
193283 59839.400413
197705 59844.398069
197706 59844.398517
197707 59844.398966
208604 59862.138235
208606 59862.13913
208639 59862.154665
208641 59862.155561
209030 59862.337826
209032 59862.338729
209034 59862.339668
209035 59862.340116
209036 59862.340565
209081 59862.363069
209084 59862.364431
209085 59862.36488
209086 59862.365329
209087 59862.365798
209770 59863.294566
209841 59863.330127
209882 59863.35072
209888 59863.353625
209889 59863.354109
209890 59863.354558
209897 59863.357732
209912 59863.364715
209915 59863.366097
209943 59863.382403
210469 59864.233913
210471 59864.234836
210472 59864.23529
210473 59864.235738
210474 59864.236186
210522 59864.260556
210523 59864.261033
210524 59864.261488
226984 59886.113061
226985 59886.113508
226986 59886.113956
226987 59886.114404
227030 59886.136287
227031 59886.136741
227032 59886.137189
227033 59886.137637
236418 59906.017709
236458 59906.035889
237855 59908.019534
237856 59908.019985
237857 59908.020433
237885 59908.03302
237886 59908.033468
237887 59908.033915
238575 59909.021561
238583 59909.025142
238584 59909.02559
238585 59909.026037
238586 59909.026486
238587 59909.026934
238613 59909.038773
238614 59909.03922
238618 59909.04101
238619 59909.041457
238620 59909.041904
238622 59909.042804
238623 59909.043251
238624 59909.043698
240845 59912.054799
242980 59915.037001
242981 59915.037447
242982 59915.037903
242983 59915.038359
243024 59915.059467
243025 59915.059919
243031 59915.062614
263834 59947.039877
263837 59947.041256
263838 59947.041756
263876 59947.059338
263879 59947.060836
263903 59947.074776
265346 59949.090418
271093 59957.05044
286214 59984.022612
286215 59984.023061
286220 59984.025321
286221 59984.025769
286222 59984.026218
286233 59984.031245
286254 59984.040981
286255 59984.041429
286260 59984.043684
286261 59984.044133
286262 59984.044582
286265 59984.045961
292655 59992.022919
292656 59992.023368
292657 59992.023817
295139 59995.02474
295140 59995.025189
295141 59995.025638
295936 59996.015919
295937 59996.016367
295938 59996.016816
295956 59996.024909
295957 59996.025367
295971 59996.031782
295972 59996.032231
303516 60005.018191
303561 60005.039328
308757 60012.01442
308758 60012.014867
308759 60012.015316
308760 60012.015765
308791 60012.030106
308792 60012.030555
314948 60018.994862
314952 60018.996649
314954 60018.997556
314997 60019.017241
316730 60021.00715
316732 60021.008047
316733 60021.00852
316734 60021.008969
316737 60021.010328
395387 60140.441603
395388 60140.44205
395389 60140.442498
398451 60143.439477
398452 60143.439925
408907 60160.338262
408908 60160.338709
408909 60160.339157
408910 60160.339604
408942 60160.354646
408943 60160.355093
408944 60160.355541
408945 60160.355988
409007 60160.385859
409008 60160.386307
409035 60160.398501
409036 60160.398957
409037 60160.399405
426974 60187.2981
427029 60187.32481
427031 60187.325707
427038 60187.328854
427039 60187.329302
427040 60187.32975
427074 60187.347239
427078 60187.349051
427082 60187.351202
427083 60187.351651
427086 60187.353013
427087 60187.353462
436768 60206.394103
436769 60206.394551
436770 60206.395
436773 60206.396364
442282 60214.26717
442412 60214.328908
443780 60216.196877
443781 60216.197324
443820 60216.215004
443821 60216.215451
443855 60216.230849
443856 60216.231298
443857 60216.231748
443858 60216.232196
443859 60216.232645
443897 60216.250063
443898 60216.250511
443899 60216.25097
443900 60216.251419
443901 60216.251867
