5898 59588.099576
12447 59597.080196
161984 59797.432656
167899 59803.369356
188991 59831.281617
188992 59831.282065
188998 59831.284749
189408 59832.286563
189410 59832.287459
189437 59832.299589
189438 59832.300037
190235 59835.229203
190240 59835.23144
190247 59835.234574
190261 59835.240838
190486 59835.342307
190487 59835.342863
190505 59835.351704
190506 59835.352406
191126 59836.215608
191127 59836.216056
191145 59836.224135
191146 59836.224583
191168 59836.234456
191179 59836.239554
191216 59836.259572
206057 59859.172625
206058 59859.173072
207731 59861.14091
207748 59861.148523
207760 59861.153894
207770 59861.15838
207772 59861.159279
207800 59861.171813
242287 59914.044638
242288 59914.045085
246591 59920.059321
246614 59920.069675
252892 59930.039128
263195 59946.058575
266109 59950.109046
266110 59950.109495
282352 59978.069128
282353 59978.069577
282354 59978.070026
282365 59978.075033
284050 59980.123093
284051 59980.123537
291888 59991.038632
306132 60009.022324
306138 60009.025005
390571 60132.422272
390572 60132.422719
390585 60132.428535
390586 60132.428983
390599 60132.434799
406919 60158.372477
406929 60158.37697
406930 60158.377418
407954 60159.360558
407967 60159.366374
410887 60162.321471
424477 60183.251227
425467 60184.253758
425486 60184.263747
425490 60184.265546
443137 60215.239884
444605 60217.163157
444667 60217.190885
444687 60217.199835
444737 60217.222199
444751 60217.228518
458257 60242.10915
458259 60242.110045
461449 60246.10161
461451 60246.102505
461470 60246.111012
471884 60269.039442
471885 60269.03989
475531 60274.0273
500814 60315.039577
510403 60328.05288
510417 60328.059525
512654 60331.07578
512655 60331.076229
513434 60332.097749
530317 60359.035496
532800 60362.061758
532825 60362.072928
532826 60362.073377
532827 60362.07383
541807 60373.026575
552246 60391.990387
631527 60518.429899
631532 60518.432158
631544 60518.437554
645549 60539.328782
645586 60539.346524
646585 60540.337081
646601 60540.34424
646616 60540.350994
647529 60541.29968
647533 60541.301469
647534 60541.301917
647543 60541.305945
647544 60541.306392
651598 60546.274675
664534 60567.20688
664542 60567.210832
667122 60570.250005
667140 60570.258124
667147 60570.261258
667149 60570.262162
667158 60570.26619
687276 60597.159591
689831 60600.170055
689832 60600.170503
689840 60600.174092
709970 60628.074422
709972 60628.075317
738182 60671.032968
738185 60671.034326
738200 60671.041066
738202 60671.041985
748062 60685.057906
751795 60690.141142
751844 60690.163121
752723 60692.059128
753438 60693.049731
765259 60709.027703
771661 60717.079844
772396 60718.041854
787923 60739.011051
791345 60743.006314
791368 60743.016656
799044 60755.993239
799045 60755.993684
799046 60755.994133
799047 60755.994578
876978 60867.397144
878094 60869.41693
879101 60870.389074
879117 60870.39626
901603 60896.311758
936448 60952.196009
936458 60952.200482
936459 60952.200929
936494 60952.216594
936531 60952.233811
936573 60952.252771
937290 60954.180842
937329 60954.198307
937336 60954.201451
938154 60955.168521
938155 60955.168969
938229 60955.202116
956198 60980.070504
956234 60980.087897
975160 61016.025647
975170 61016.03012
975200 61016.043555
989173 61037.042992
989174 61037.043454
989176 61037.044393
991360 61040.099932
992909 61042.166391
994216 61044.109901
994244 61044.122762
1009715 61071.055571
1009716 61071.05602
1009808 61071.098703
1009809 61071.099152
1011324 61073.080473
1032142 61100.015058
1032143 61100.015507
1032144 61100.015961
1032211 61100.045974
1032212 61100.046422
1033953 61102.052694
1033954 61102.053142
1034735 61103.018333
1038999 61108.00783
1051935 61122.989042
1051936 61122.989487
1051947 61122.994409
1136055 61249.339706
1136080 61249.350908
1136082 61249.351805
1136085 61249.353157
1136128 61249.373554
1138141 61251.343095
1138143 61251.343998
1138145 61251.344893
1138154 61251.348951
1140240 61253.370893
1141268 61254.374404
1161449 61278.304629
1161450 61278.305076
1161451 61278.305524
1162429 61279.294546
1162430 61279.294993
1175308 61307.230816
1175309 61307.231264
1175348 61307.248774
1177035 61309.18625
1177036 61309.186698
1177037 61309.187145
1178846 61311.198566
1178857 61311.203496
